State;AccountLength;AreaCode;Phone;IntlPlan;VMailPlan;VMailMessage;DayMins;DayCalls;DayCharge;EveMins;EveCalls;EveCharge;NightMins;NightCalls;NightCharge;IntlMins;IntlCalls;IntlCharge;CustServCalls;Churn
KS;128;415;382-4657;0;1;25;265.1;110;45.07;197.4;99;16.78;244.7;91;11.01;10;3;2.7;1;0
OH;107;415;371-7191;0;1;26;161.6;123;27.47;195.5;103;16.62;254.4;103;11.45;13.7;3;3.7;1;0
NJ;137;415;358-1921;0;0;0;243.4;114;41.38;121.2;110;10.3;162.6;104;7.32;12.2;5;3.29;0;0
OH;84;408;375-9999;1;0;0;299.4;71;50.9;61.9;88;5.26;196.9;89;8.86;6.6;7;1.78;2;0
OK;75;415;330-6626;1;0;0;166.7;113;28.34;148.3;122;12.61;186.9;121;8.41;10.1;3;2.73;3;0
AL;118;510;391-8027;1;0;0;223.4;98;37.98;220.6;101;18.75;203.9;118;9.18;6.3;6;1.7;0;0
MA;121;510;355-9993;0;1;24;218.2;88;37.09;348.5;108;29.62;212.6;118;9.57;7.5;7;2.03;3;0
MO;147;415;329-9001;1;0;0;157;79;26.69;103.1;94;8.76;211.8;96;9.53;7.1;6;1.92;0;0
LA;117;408;335-4719;0;0;0;184.5;97;31.37;351.6;80;29.89;215.8;90;9.71;8.7;4;2.35;1;0
WV;141;415;330-8173;1;1;37;258.6;84;43.96;222;111;18.87;326.4;97;14.69;11.2;5;3.02;0;0
IN;65;415;329-6603;0;0;0;129.1;137;21.95;228.5;83;19.42;208.8;111;9.4;12.7;6;3.43;4;1
RI;74;415;344-9403;0;0;0;187.7;127;31.91;163.4;148;13.89;196;94;8.82;9.1;5;2.46;0;0
IA;168;408;363-1107;0;0;0;128.8;96;21.9;104.9;71;8.92;141.1;128;6.35;11.2;2;3.02;1;0
MT;95;510;394-8006;0;0;0;156.6;88;26.62;247.6;75;21.05;192.3;115;8.65;12.3;5;3.32;3;0
IA;62;415;366-9238;0;0;0;120.7;70;20.52;307.2;76;26.11;203;99;9.14;13.1;6;3.54;4;0
NY;161;415;351-7269;0;0;0;332.9;67;56.59;317.8;97;27.01;160.6;128;7.23;5.4;9;1.46;4;1
ID;85;408;350-8884;0;1;27;196.4;139;33.39;280.9;90;23.88;89.3;75;4.02;13.8;4;3.73;1;0
VT;93;510;386-2923;0;0;0;190.7;114;32.42;218.2;111;18.55;129.6;121;5.83;8.1;3;2.19;3;0
VA;76;510;356-2992;0;1;33;189.7;66;32.25;212.8;65;18.09;165.7;108;7.46;10;5;2.7;1;0
TX;73;415;373-2782;0;0;0;224.4;90;38.15;159.5;88;13.56;192.8;74;8.68;13;2;3.51;1;0
FL;147;415;396-5800;0;0;0;155.1;117;26.37;239.7;93;20.37;208.8;133;9.4;10.6;4;2.86;0;0
CO;77;408;393-7984;0;0;0;62.4;89;10.61;169.9;121;14.44;209.6;64;9.43;5.7;6;1.54;5;1
AZ;130;415;358-1958;0;0;0;183;112;31.11;72.9;99;6.2;181.8;78;8.18;9.5;19;2.57;0;0
SC;111;415;350-2565;0;0;0;110.4;103;18.77;137.3;102;11.67;189.6;105;8.53;7.7;6;2.08;2;0
VA;132;510;343-4696;0;0;0;81.1;86;13.79;245.2;72;20.84;237;115;10.67;10.3;2;2.78;0;0
NE;174;415;331-3698;0;0;0;124.3;76;21.13;277.1;112;23.55;250.7;115;11.28;15.5;5;4.19;3;0
WY;57;408;357-3817;0;1;39;213;115;36.21;191.1;112;16.24;182.7;115;8.22;9.5;3;2.57;0;0
MT;54;408;418-6412;0;0;0;134.3;73;22.83;155.5;100;13.22;102.1;68;4.59;14.7;4;3.97;3;0
MO;20;415;353-2630;0;0;0;190;109;32.3;258.2;84;21.95;181.5;102;8.17;6.3;6;1.7;0;0
HI;49;510;410-7789;0;0;0;119.3;117;20.28;215.1;109;18.28;178.7;90;8.04;11.1;1;3;1;0
IL;142;415;416-8428;0;0;0;84.8;95;14.42;136.7;63;11.62;250.5;148;11.27;14.2;6;3.83;2;0
NH;75;510;370-3359;0;0;0;226.1;105;38.44;201.5;107;17.13;246.2;98;11.08;10.3;5;2.78;1;0
LA;172;408;383-1121;0;0;0;212;121;36.04;31.2;115;2.65;293.3;78;13.2;12.6;10;3.4;3;0
AZ;12;408;360-1596;0;0;0;249.6;118;42.43;252.4;119;21.45;280.2;90;12.61;11.8;3;3.19;1;1
OK;57;408;395-2854;0;1;25;176.8;94;30.06;195;75;16.58;213.5;116;9.61;8.3;4;2.24;0;0
GA;72;415;362-1407;0;1;37;220;80;37.4;217.3;102;18.47;152.8;71;6.88;14.7;6;3.97;3;0
AK;36;408;341-9764;0;1;30;146.3;128;24.87;162.5;80;13.81;129.3;109;5.82;14.5;6;3.92;0;0
MA;78;415;353-3305;0;0;0;130.8;64;22.24;223.7;116;19.01;227.8;108;10.25;10;5;2.7;1;0
AK;136;415;402-1381;1;1;33;203.9;106;34.66;187.6;99;15.95;101.7;107;4.58;10.5;6;2.84;3;0
NJ;149;408;332-9891;0;0;0;140.4;94;23.87;271.8;92;23.1;188.3;108;8.47;11.1;9;3;1;0
GA;98;408;372-9976;0;0;0;126.3;102;21.47;166.8;85;14.18;187.8;135;8.45;9.4;2;2.54;3;0
MD;135;408;383-6029;1;1;41;173.1;85;29.43;203.9;107;17.33;122.2;78;5.5;14.6;15;3.94;0;1
AR;34;510;353-7289;0;0;0;124.8;82;21.22;282.2;98;23.99;311.5;78;14.02;10;4;2.7;2;0
ID;160;415;390-7274;0;0;0;85.8;77;14.59;165.3;110;14.05;178.5;92;8.03;9.2;4;2.48;3;0
WI;64;510;352-1237;0;0;0;154;67;26.18;225.8;118;19.19;265.3;86;11.94;3.5;3;0.95;1;0
OR;59;408;353-3061;0;1;28;120.9;97;20.55;213;92;18.11;163.1;116;7.34;8.5;5;2.3;2;0
MI;65;415;363-5450;0;0;0;211.3;120;35.92;162.6;122;13.82;134.7;118;6.06;13.2;5;3.56;3;0
DE;142;408;364-1995;0;0;0;187;133;31.79;134.6;74;11.44;242.2;127;10.9;7.4;5;2;2;0
ID;119;415;398-1294;0;0;0;159.1;114;27.05;231.3;117;19.66;143.2;91;6.44;8.8;3;2.38;5;1
WY;97;415;405-7146;0;1;24;133.2;135;22.64;217.2;58;18.46;70.6;79;3.18;11;3;2.97;1;0
IA;52;408;413-4957;0;0;0;191.9;108;32.62;269.8;96;22.93;236.8;87;10.66;7.8;5;2.11;3;0
IN;60;408;420-5645;0;0;0;220.6;57;37.5;211.1;115;17.94;249;129;11.21;6.8;3;1.84;1;0
VA;10;408;349-4396;0;0;0;186.1;112;31.64;190.2;66;16.17;282.8;57;12.73;11.4;6;3.08;2;0
UT;96;415;404-3211;0;0;0;160.2;117;27.23;267.5;67;22.74;228.5;68;10.28;9.3;5;2.51;2;0
WY;87;415;353-3759;0;0;0;151;83;25.67;219.7;116;18.67;203.9;127;9.18;9.7;3;2.62;5;1
IN;81;408;363-5947;0;0;0;175.5;67;29.84;249.3;85;21.19;270.2;98;12.16;10.2;3;2.75;1;0
CO;141;415;340-5121;0;0;0;126.9;98;21.57;180;62;15.3;140.8;128;6.34;8;2;2.16;1;0
CO;121;408;370-7574;0;1;30;198.4;129;33.73;75.3;77;6.4;181.2;77;8.15;5.8;3;1.57;3;1
WI;68;415;403-9733;0;0;0;148.8;70;25.3;246.5;164;20.95;129.8;103;5.84;12.1;3;3.27;3;0
OK;125;408;355-7251;0;0;0;229.3;103;38.98;177.4;126;15.08;189.3;95;8.52;12;8;3.24;1;0
ID;174;408;359-5893;0;0;0;192.1;97;32.66;169.9;94;14.44;166.6;54;7.5;11.4;4;3.08;1;0
CA;116;415;405-3371;0;1;34;268.6;83;45.66;178.2;142;15.15;166.3;106;7.48;11.6;3;3.13;2;0
MN;74;510;344-5117;0;1;33;193.7;91;32.93;246.1;96;20.92;138;92;6.21;14.6;3;3.94;2;0
SD;149;408;332-8160;0;1;28;180.7;92;30.72;187.8;64;15.96;265.5;53;11.95;12.6;3;3.4;3;0
NC;38;408;359-4081;0;0;0;131.2;98;22.3;162.9;97;13.85;159;106;7.15;8.2;6;2.21;2;0
WA;40;415;352-8305;0;1;41;148.1;74;25.18;169.5;88;14.41;214.1;102;9.63;6.2;5;1.67;2;0
WY;43;415;329-9847;1;0;0;251.5;105;42.76;212.8;104;18.09;157.8;67;7.1;9.3;4;2.51;0;0
MN;113;408;365-9011;1;0;0;125.2;93;21.28;206.4;119;17.54;129.3;139;5.82;8.3;8;2.24;0;0
UT;126;408;338-9472;0;0;0;211.6;70;35.97;216.9;80;18.44;153.5;60;6.91;7.8;1;2.11;1;0
TX;150;510;374-8042;0;0;0;178.9;101;30.41;169.1;110;14.37;148.6;100;6.69;13.8;3;3.73;4;1
NJ;138;408;359-1231;0;0;0;241.8;93;41.11;170.5;83;14.49;295.3;104;13.29;11.8;7;3.19;3;0
MN;162;510;413-7170;0;1;46;224.9;97;38.23;188.2;84;16;254.6;61;11.46;12.1;2;3.27;0;0
NM;147;510;415-2935;0;0;0;248.6;83;42.26;148.9;85;12.66;172.5;109;7.76;8;4;2.16;3;0
NV;90;415;399-4246;0;0;0;203.4;146;34.58;226.7;117;19.27;152.4;105;6.86;7.3;4;1.97;1;0
HI;85;415;362-5889;0;0;0;235.8;109;40.09;157.2;94;13.36;188.2;99;8.47;12;3;3.24;0;0
MN;50;415;350-8921;0;0;0;157.1;90;26.71;223.3;72;18.98;181.4;111;8.16;6.1;2;1.65;1;0
DC;82;415;374-5353;0;0;0;300.3;109;51.05;181;100;15.39;270.1;73;12.15;11.7;4;3.16;0;1
NY;144;408;360-1171;0;0;0;61.6;117;10.47;77.1;85;6.55;173;99;7.79;8.2;7;2.21;4;1
MN;46;415;355-8887;0;0;0;214.1;72;36.4;164.4;104;13.97;177.5;113;7.99;8.2;3;2.21;2;0
MD;70;408;333-1967;0;0;0;170.2;98;28.93;155.2;102;13.19;228.6;76;10.29;15;2;4.05;1;0
WV;144;415;354-4577;0;0;0;201.1;99;34.19;303.5;74;25.8;224;119;10.08;13.2;2;3.56;1;0
OR;116;415;331-7425;1;0;0;215.4;104;36.62;204.8;79;17.41;278.5;109;12.53;12.6;5;3.4;3;0
CO;55;408;419-2637;0;1;25;165.6;123;28.15;136.1;95;11.57;175.7;90;7.91;11;2;2.97;3;0
GA;70;415;411-1530;0;1;24;249.5;101;42.42;259.7;98;22.07;222.7;68;10.02;9.8;4;2.65;1;0
TX;106;510;395-3026;0;0;0;210.6;96;35.8;249.2;85;21.18;191.4;88;8.61;12.4;1;3.35;2;1
VT;128;510;388-6441;0;1;29;179.3;104;30.48;225.9;86;19.2;323;78;14.54;8.6;7;2.32;0;0
IN;94;408;402-1251;0;0;0;157.9;105;26.84;155;101;13.18;189.6;84;8.53;8;5;2.16;4;1
WV;111;510;412-9997;0;0;0;214.3;118;36.43;208.5;76;17.72;182.4;98;8.21;12;2;3.24;1;0
KY;74;415;346-7302;0;1;35;154.1;104;26.2;123.4;84;10.49;202.1;57;9.09;10.9;9;2.94;2;0
NJ;128;415;358-9095;0;0;0;237.9;125;40.44;247.6;93;21.05;208.9;68;9.4;13.9;4;3.75;1;1
DC;82;510;400-9770;0;0;0;143.9;61;24.46;194.9;105;16.57;109.6;94;4.93;11.1;2;3;1;0
LA;155;415;334-1275;0;0;0;203.4;100;34.58;190.9;104;16.23;196;119;8.82;8.9;4;2.4;0;1
AR;80;415;340-4953;0;0;0;124.3;100;21.13;173;107;14.71;253.2;62;11.39;7.9;9;2.13;1;0
ME;78;415;400-9510;0;0;0;252.9;93;42.99;178.4;112;15.16;263.9;105;11.88;9.5;7;2.57;3;0
AZ;90;415;387-6103;0;0;0;179.1;71;30.45;190.6;81;16.2;127.7;91;5.75;10.6;7;2.86;3;0
AK;104;408;366-4467;0;0;0;278.4;106;47.33;81;113;6.89;163.2;137;7.34;9.8;5;2.65;1;0
MT;73;415;370-3450;0;0;0;160.1;110;27.22;213.3;72;18.13;174.1;72;7.83;13;4;3.51;0;0
AZ;99;415;327-3954;0;0;0;198.2;87;33.69;207.3;76;17.62;190.9;113;8.59;8.7;3;2.35;4;0
MS;120;408;355-6291;0;0;0;212.1;131;36.06;209.4;104;17.8;167.2;96;7.52;5.3;5;1.43;1;1
ID;77;415;362-9748;0;0;0;251.8;72;42.81;205.7;126;17.48;275.2;109;12.38;9.8;7;2.65;2;1
IA;98;510;379-6506;0;1;21;161.2;114;27.4;252.2;83;21.44;160.2;92;7.21;4.4;8;1.19;4;0
MA;108;415;347-7741;0;0;0;178.3;137;30.31;189;76;16.07;129.1;102;5.81;14.6;5;3.94;0;0
VT;135;415;354-3783;0;0;0;151.7;82;25.79;119;105;10.12;180;100;8.1;10.5;6;2.84;0;0
KY;95;408;401-7594;0;0;0;135;99;22.95;183.6;106;15.61;245.3;102;11.04;12.5;9;3.38;1;0
IN;122;408;397-4976;0;0;0;170.5;94;28.99;173.7;109;14.76;248.6;75;11.19;11.3;2;3.05;1;0
AZ;95;408;334-2577;0;0;0;238.1;65;40.48;187.2;98;15.91;190;115;8.55;11.8;4;3.19;4;0
MI;36;510;400-3637;0;1;29;281.4;102;47.84;202.2;76;17.19;187.2;113;8.42;9;6;2.43;2;0
NM;93;510;383-4361;0;1;21;117.9;131;20.04;164.5;115;13.98;217;86;9.76;9.8;3;2.65;1;0
CO;141;415;371-4306;0;1;32;148.6;91;25.26;131.1;97;11.14;219.4;142;9.87;10.1;1;2.73;1;0
UT;157;408;403-4298;0;0;0;229.8;90;39.07;147.9;121;12.57;241.4;108;10.86;9.6;7;2.59;3;0
MI;120;408;409-3786;0;0;0;165;100;28.05;317.2;83;26.96;119.2;86;5.36;8.3;8;2.24;1;0
MA;103;415;337-4697;0;0;0;185;117;31.45;223.3;94;18.98;222.8;91;10.03;12.6;2;3.4;2;0
AL;98;408;383-1509;0;0;0;161;117;27.37;190.9;113;16.23;227.7;113;10.25;12.1;4;3.27;4;0
DE;125;408;359-9794;0;0;0;126.7;108;21.54;206;90;17.51;247.8;114;11.15;13.3;7;3.59;1;0
AZ;63;415;407-7035;0;0;0;58.9;125;10.01;169.6;59;14.42;211.4;88;9.51;9.4;3;2.54;1;0
ME;36;510;363-1069;1;1;42;196.8;89;33.46;254.9;122;21.67;138.3;126;6.22;20;6;5.4;0;1
NJ;64;510;391-4652;0;0;0;162.6;83;27.64;152.3;109;12.95;57.5;122;2.59;14.2;3;3.83;1;0
NV;74;415;355-6837;0;0;0;282.5;114;48.03;219.9;48;18.69;170;115;7.65;9.4;4;2.54;1;1
MO;112;510;409-1244;0;1;36;113.7;117;19.33;157.5;82;13.39;177.6;118;7.99;10;3;2.7;2;0
ID;97;408;328-3266;0;0;0;239.8;125;40.77;214.8;111;18.26;143.3;81;6.45;8.7;5;2.35;2;0
NE;46;408;352-7072;0;0;0;210.2;92;35.73;227.3;77;19.32;200.1;116;9;13.1;7;3.54;1;0
TX;41;408;370-7550;0;1;22;213.8;102;36.35;141.8;86;12.05;142.2;123;6.4;7.2;3;1.94;0;0
MD;121;510;369-5526;0;0;0;190.7;103;32.42;183.5;117;15.6;220.8;103;9.94;9.8;4;2.65;3;0
MS;193;415;329-4391;0;0;0;170.9;124;29.05;132.3;95;11.25;112.9;89;5.08;11.6;3;3.13;1;0
NV;130;510;408-4195;0;0;0;154.2;119;26.21;110.2;98;9.37;227.4;117;10.23;9.2;5;2.48;2;0
AZ;85;408;354-4445;0;0;0;201.4;52;34.24;229.4;104;19.5;252.5;106;11.36;12;3;3.24;1;0
MS;162;415;335-4858;0;0;0;70.7;108;12.02;157.5;87;13.39;154.8;82;6.97;9.1;3;2.46;4;1
MS;61;510;414-8718;0;1;27;187.5;124;31.88;146.6;103;12.46;225.7;129;10.16;6.4;6;1.73;4;1
TX;92;408;409-5939;0;0;0;91.7;90;15.59;193.7;123;16.46;175;86;7.88;9.2;4;2.48;2;0
NE;131;408;331-4902;0;1;36;214.2;115;36.41;161.7;117;13.74;264.7;102;11.91;9.5;4;2.57;3;0
NE;90;415;353-6870;0;0;0;145.5;92;24.74;217.7;114;18.5;146.9;123;6.61;10.9;2;2.94;3;0
CA;75;408;355-2909;0;0;0;166.3;125;28.27;158.2;86;13.45;256.7;80;11.55;6.1;5;1.65;1;0
NJ;78;415;390-6101;0;0;0;231;115;39.27;230.4;140;19.58;261.4;120;11.76;9.5;3;2.57;1;0
TX;82;408;400-3446;0;0;0;200.3;96;34.05;201.2;102;17.1;206.1;60;9.27;7.1;1;1.92;4;0
AR;163;408;411-5859;0;0;0;197;109;33.49;202.6;128;17.22;206.4;80;9.29;9.1;10;2.46;1;0
AL;91;510;387-2919;1;0;0;129.9;112;22.08;173.3;83;14.73;247.2;130;11.12;11.2;3;3.02;3;0
NY;75;415;374-8525;0;1;21;175.8;97;29.89;217.5;106;18.49;237.5;134;10.69;5.3;4;1.43;5;0
FL;91;510;379-5592;0;0;0;203.1;106;34.53;210.1;113;17.86;195.6;129;8.8;12;3;3.24;3;0
AK;127;510;345-8237;0;1;36;183.2;117;31.14;126.8;76;10.78;263.3;71;11.85;11.2;8;3.02;1;0
NV;113;415;422-6690;0;1;23;205;101;34.85;152;60;12.92;158.6;59;7.14;10.2;5;2.75;2;0
DE;110;510;346-2359;0;0;0;148.5;115;25.25;276.4;84;23.49;193.6;112;8.71;12.4;3;3.35;1;0
MD;120;415;374-3534;0;1;39;200.3;68;34.05;220.4;97;18.73;253.8;116;11.42;10.5;4;2.84;0;0
MI;157;415;381-4756;0;1;28;192.6;107;32.74;195.5;74;16.62;109.7;139;4.94;6.8;5;1.84;3;0
VT;103;510;390-2805;0;0;0;246.5;47;41.91;195.5;84;16.62;200.5;96;9.02;11.7;4;3.16;1;0
VT;117;408;390-2390;1;0;0;167.1;86;28.41;177.5;87;15.09;249.4;132;11.22;14.1;7;3.81;2;1
MI;140;415;419-9097;0;0;0;231.9;101;39.42;160.1;94;13.61;110.4;98;4.97;14.3;6;3.86;3;0
WA;127;408;386-7281;0;0;0;146.7;91;24.94;203.5;78;17.3;203.4;110;9.15;13.7;3;3.7;1;0
UT;83;408;380-3561;1;0;0;271.5;87;46.16;216.3;126;18.39;121.1;105;5.45;11.7;4;3.16;1;0
LA;121;408;390-8760;0;0;0;181.5;121;30.86;218.4;98;18.56;161.6;103;7.27;8.5;5;2.3;1;0
RI;145;408;366-6730;0;1;43;257.7;97;43.81;162.1;95;13.78;286.9;86;12.91;11.1;4;3;2;0
IA;113;408;395-5285;0;0;0;193.8;99;32.95;221.4;125;18.82;172.3;67;7.75;10.6;6;2.86;1;0
NE;117;415;354-3436;0;0;0;102.8;119;17.48;206.7;91;17.57;299;105;13.46;10.1;7;2.73;1;0
OH;65;408;336-7600;0;0;0;187.9;116;31.94;157.6;117;13.4;227.3;86;10.23;7.5;6;2.03;1;0
RI;56;415;383-6293;0;0;0;226;112;38.42;248.5;118;21.12;140.5;142;6.32;6.9;11;1.86;1;0
OK;96;415;362-4596;0;0;0;260.4;115;44.27;146;46;12.41;269.5;87;12.13;11.5;4;3.11;5;0
LA;151;408;401-3926;0;0;0;178.7;116;30.38;292.1;138;24.83;265.9;101;11.97;9.8;4;2.65;0;0
OH;83;415;370-9116;0;0;0;337.4;120;57.36;227.4;116;19.33;153.9;114;6.93;15.8;7;4.27;0;1
VA;139;510;328-6289;0;1;23;157.6;129;26.79;247;96;21;259.2;112;11.66;13.7;2;3.7;0;0
MO;6;510;350-9994;0;0;0;183.6;117;31.21;256.7;72;21.82;178.6;79;8.04;10.2;2;2.75;1;0
FL;115;510;351-4616;0;1;24;142.1;124;24.16;183.4;129;15.59;164.8;114;7.42;9.6;4;2.59;1;0
SC;87;415;360-5779;0;0;0;136.3;97;23.17;172.2;108;14.64;137.5;101;6.19;7.1;5;1.92;0;0
VA;141;415;417-4885;0;0;0;217.1;110;36.91;241.5;111;20.53;253.5;103;11.41;12;6;3.24;0;0
IA;141;510;406-4710;0;1;36;187.5;99;31.88;241.4;116;20.52;229.5;105;10.33;10.5;5;2.84;3;0
MI;62;415;409-8743;0;0;0;98.9;103;16.81;135.4;122;11.51;236.6;82;10.65;12.2;1;3.29;1;0
OK;146;415;335-4584;0;0;0;206.3;151;35.07;148.6;89;12.63;167.2;91;7.52;6.1;3;1.65;1;0
DE;92;415;361-9845;0;1;33;243.1;92;41.33;213.8;92;18.17;228.7;104;10.29;12.1;2;3.27;2;0
GA;185;510;366-5699;0;1;31;189.8;126;32.27;163.3;133;13.88;264.8;126;11.92;7.5;3;2.03;1;0
DC;148;415;329-9364;0;0;0;202;102;34.34;243.2;128;20.67;261.3;90;11.76;10.9;3;2.94;1;0
AZ;94;408;390-7434;0;1;38;170.1;124;28.92;193.3;116;16.43;105.9;73;4.77;12.8;4;3.46;1;0
AL;32;510;404-9680;0;0;0;230.9;87;39.25;187.4;90;15.93;154;53;6.93;6.3;2;1.7;0;0
CO;68;408;338-9398;0;0;0;237.1;105;40.31;223.5;105;19;97.4;79;4.38;13.2;2;3.56;1;0
NH;64;408;394-2445;0;1;27;182.1;91;30.96;169.7;98;14.42;164.7;86;7.41;10.6;5;2.86;2;0
NM;25;415;381-2709;0;0;0;119.3;87;20.28;211.5;101;17.98;268.9;86;12.1;10.5;4;2.84;3;0
OR;65;415;397-5060;0;0;0;116.8;87;19.86;178.9;93;15.21;182.4;150;8.21;14.1;2;3.81;1;0
LA;179;408;415-2393;0;0;0;219.2;92;37.26;149.4;125;12.7;244.7;104;11.01;6.1;5;1.65;0;0
NE;94;415;377-1765;0;0;0;252.6;104;42.94;169;125;14.37;170.9;106;7.69;11.1;7;3;2;0
MN;62;415;409-2111;0;0;0;147.1;91;25.01;190.4;107;16.18;195.2;115;8.78;12.2;3;3.29;0;0
MI;127;415;401-3170;0;0;0;202.1;103;34.36;229.4;86;19.5;195.2;113;8.78;11.5;3;3.11;2;0
AR;116;408;405-5681;0;0;0;173.5;93;29.5;194.1;76;16.5;208;112;9.36;16.2;10;4.37;3;0
KS;70;408;411-4582;0;0;0;232.1;122;39.46;292.3;112;24.85;201.2;112;9.05;0;0;0;3;0
WV;94;510;355-5009;1;1;23;197.1;125;33.51;214.5;136;18.23;282.2;103;12.7;9.5;5;2.57;4;0
AK;126;415;372-3750;0;0;0;58.2;94;9.89;138.7;118;11.79;136.8;91;6.16;11.9;1;3.21;5;1
NY;67;408;405-2888;0;1;36;115.6;111;19.65;237.7;94;20.2;169.9;103;7.65;9.9;12;2.67;2;0
NH;19;408;361-3337;0;0;0;186.1;98;31.64;254.3;57;21.62;214;127;9.63;14.6;7;3.94;2;0
VA;170;510;350-1639;1;0;0;259.9;68;44.18;245;122;20.83;134.4;121;6.05;8.4;3;2.27;3;0
NM;73;415;333-3221;0;0;0;214.3;145;36.43;268.5;135;22.82;241.2;92;10.85;10.8;13;2.92;1;0
NY;106;408;422-1471;0;0;0;158.7;74;26.98;64.3;139;5.47;198.5;103;8.93;10.2;4;2.75;1;0
AZ;93;415;399-7865;0;0;0;271.6;71;46.17;229.4;108;19.5;77.3;121;3.48;10.9;3;2.94;2;0
WY;164;510;373-4819;0;0;0;160.6;111;27.3;163.2;126;13.87;187.1;112;8.42;9;3;2.43;1;0
WA;51;408;338-6981;0;0;0;232.4;109;39.51;187.4;95;15.93;231.2;107;10.4;9.1;3;2.46;1;0
CO;107;415;418-4365;0;0;0;133.8;85;22.75;180.5;94;15.34;112.2;115;5.05;8.9;4;2.4;0;0
TX;130;415;359-5461;0;0;0;176.9;109;30.07;90.7;104;7.71;238;69;10.71;9.5;2;2.57;1;0
KY;80;408;375-3586;0;0;0;209.9;74;35.68;195.1;77;16.58;208.2;119;9.37;8.8;4;2.38;2;0
MT;94;415;407-8376;0;0;0;137.5;118;23.38;203.2;88;17.27;150;131;6.75;13.4;2;3.62;0;0
OK;118;408;408-6496;0;1;23;289.5;52;49.22;166.6;111;14.16;119.1;88;5.36;9.5;4;2.57;1;0
MD;117;415;385-7688;0;1;23;198.1;86;33.68;177;86;15.05;180.5;92;8.12;6.8;6;1.84;1;0
TN;78;415;332-6934;0;0;0;149.7;119;25.45;182.2;115;15.49;261.5;126;11.77;9.7;8;2.62;0;0
TX;208;510;378-3625;0;0;0;326.5;67;55.51;176.3;113;14.99;181.7;102;8.18;10.7;6;2.89;2;1
ME;131;510;353-7292;1;1;26;292.9;101;49.79;199.7;97;16.97;255.3;127;11.49;13.8;7;3.73;4;1
DC;63;408;399-6786;0;0;0;83;64;14.11;177;106;15.05;245.7;89;11.06;13;3;3.51;0;0
MN;53;415;358-3261;0;1;24;145.7;146;24.77;220.5;136;18.74;249.9;96;11.25;13.1;5;3.54;3;0
DE;62;408;377-9932;0;0;0;182.3;101;30.99;328.2;93;27.9;245;131;11.03;11.2;1;3.02;2;0
MD;97;415;397-4030;0;0;0;218;86;37.06;184;94;15.64;240.5;110;10.82;6.4;8;1.73;3;0
MI;105;510;367-1062;0;0;0;140.6;109;23.9;178.6;51;15.18;217;83;9.76;6.8;3;1.84;2;0
WA;157;415;341-8467;0;0;0;152.7;105;25.96;257.5;80;21.89;198.1;93;8.91;9.4;4;2.54;1;0
MO;66;415;339-9453;0;1;36;106.7;76;18.14;209.8;77;17.83;190.4;117;8.57;12.1;2;3.27;1;0
IN;122;415;344-3388;0;0;0;243.8;98;41.45;83.9;72;7.13;179.8;84;8.09;13.7;8;3.7;2;0
OR;38;415;375-8013;0;0;0;194.4;94;33.05;186.7;95;15.87;223.3;90;10.05;10.8;5;2.92;3;0
MD;106;510;408-4142;0;0;0;213.9;95;36.36;151.9;70;12.91;260.1;124;11.7;12.2;5;3.29;3;0
RI;99;510;386-3671;0;0;0;217.2;112;36.92;246.7;89;20.97;226.1;89;10.17;15.8;7;4.27;3;0
LA;99;415;411-2284;0;0;0;241.1;72;40.99;155.6;98;13.23;188.2;109;8.47;11.6;10;3.13;1;0
AZ;144;510;346-7795;1;0;0;203.5;100;34.6;247.6;103;21.05;194.3;94;8.74;11.9;11;3.21;0;0
PA;82;415;333-5609;0;1;24;155.2;131;26.38;244.5;106;20.78;122.4;68;5.51;10.7;3;2.89;1;0
AZ;86;408;405-1842;0;1;31;167.6;139;28.49;113;118;9.61;246.9;121;11.11;12.2;6;3.29;1;0
FL;70;510;366-6345;1;0;0;226.7;98;38.54;228.1;115;19.39;73.2;93;3.29;17.6;4;4.75;2;1
LA;93;415;337-9345;0;0;0;179.3;93;30.48;178.6;98;15.18;225.2;131;10.13;11.5;6;3.11;3;0
FL;93;415;328-6770;0;0;0;151.4;89;25.74;186.4;76;15.84;172.5;120;7.76;10.9;3;2.94;0;0
FL;120;415;380-7321;0;0;0;180;80;30.6;224.2;82;19.06;265.4;91;11.94;4.7;7;1.27;3;0
MD;136;415;375-1476;0;0;0;250.2;121;42.53;267.1;118;22.7;151;114;6.8;13;2;3.51;1;1
AL;106;415;356-1567;0;0;0;223;121;37.91;110.1;98;9.36;188.7;107;8.49;7.1;12;1.92;0;0
WA;81;415;422-6685;0;0;0;183.6;116;31.21;152.6;98;12.97;212.2;99;9.55;12.2;6;3.29;3;0
TN;127;408;336-1090;0;1;22;166;114;28.22;174.5;103;14.83;244.9;68;11.02;10.2;6;2.75;1;0
MS;65;415;343-2095;0;0;0;136.1;112;23.14;272.9;96;23.2;220.2;104;9.91;4.4;2;1.19;1;0
ME;35;408;345-3934;0;0;0;149.3;113;25.38;242.2;122;20.59;174.3;104;7.84;8.9;6;2.4;2;0
OK;88;408;338-8050;0;0;0;65.4;97;11.12;168.2;76;14.3;236;113;10.62;13.8;1;3.73;2;0
IN;65;415;388-9568;0;0;0;213.4;111;36.28;234.5;94;19.93;250.1;123;11.25;2.7;4;0.73;1;0
MO;123;415;402-6591;0;0;0;206.9;85;35.17;244.7;78;20.8;221.5;136;9.97;7.7;2;2.08;3;0
IA;126;408;403-6419;0;1;27;186.2;78;31.65;189.6;83;16.12;76.5;139;3.44;9.6;3;2.59;2;0
VA;104;415;386-9790;0;1;23;280.2;136;47.63;220.5;92;18.74;136.9;102;6.16;13.3;3;3.59;4;0
KY;45;415;378-5692;0;1;22;196.6;84;33.42;313.2;92;26.62;163.3;108;7.35;11.9;3;3.21;0;0
MD;93;408;360-3324;1;0;0;312;109;53.04;129.4;100;11;217.6;74;9.79;10.5;2;2.84;0;1
OH;63;415;410-3719;1;1;36;199;110;33.83;291.3;111;24.76;197.6;92;8.89;11;6;2.97;1;0
OK;100;415;352-4221;0;0;0;203.1;96;34.53;217;126;18.45;180.9;122;8.14;13.5;2;3.65;3;0
NV;53;415;327-6179;0;0;0;168.8;97;28.7;220.3;87;18.73;154.3;113;6.94;10.9;2;2.94;0;0
ID;92;415;359-6196;1;0;0;173.1;140;29.43;240.3;105;20.43;233.2;117;10.49;9;5;2.43;1;0
MN;139;510;374-9107;0;0;0;134.4;106;22.85;211.3;98;17.96;193.6;125;8.71;10.2;2;2.75;5;1
SD;110;408;357-4078;0;1;40;202.6;103;34.44;118.8;128;10.1;234.9;98;10.57;9;9;2.43;2;0
IL;110;408;366-5780;0;0;0;74.5;117;12.67;200.8;98;17.07;192.2;101;8.65;9.8;7;2.65;3;0
WY;215;510;393-9619;0;0;0;83.6;148;14.21;120.9;91;10.28;226.6;110;10.2;10.7;9;2.89;0;0
AL;73;415;355-9295;0;0;0;192.2;86;32.67;168.6;116;14.33;139.8;87;6.29;9.4;6;2.54;1;0
NJ;138;510;400-5751;0;0;0;220.2;89;37.43;88.3;125;7.51;195.3;79;8.79;12.9;5;3.48;0;0
NV;137;415;338-1027;1;0;0;135.1;95;22.97;134.1;102;11.4;223.1;81;10.04;12.3;2;3.32;2;1
IN;36;415;405-8867;0;0;0;253.4;77;43.08;182.4;151;15.5;275.8;103;12.41;8.4;2;2.27;1;0
WV;85;408;336-5616;0;0;0;225;81;38.25;176.9;63;15.04;194.3;110;8.74;7.1;2;1.92;3;0
VA;108;408;335-1697;0;0;0;198.5;99;33.75;267.8;60;22.76;354.9;75;15.97;9.4;3;2.54;0;1
SC;22;408;331-5138;0;0;0;110.3;107;18.75;166.5;93;14.15;202.3;96;9.1;9.5;5;2.57;0;0
RI;107;415;385-8240;0;1;37;60;102;10.2;102.2;80;8.69;261.8;106;11.78;11.1;3;3;0;0
IN;51;510;348-1359;0;0;0;214.8;94;36.52;149.7;58;12.72;283.4;66;12.75;10.2;5;2.75;0;0
AZ;94;408;354-7339;0;0;0;181.8;85;30.91;202.4;98;17.2;245.9;97;11.07;9.2;2;2.48;4;0
NM;119;510;349-1687;0;1;23;154;114;26.18;278;137;23.63;228.4;112;10.28;11.8;4;3.19;2;0
OR;33;415;380-2558;0;1;29;157.4;99;26.76;117.9;80;10.02;279.2;79;12.56;13.9;11;3.75;4;1
NJ;106;415;365-2153;0;0;0;207.9;91;35.34;172;109;14.62;191.8;143;8.63;14.4;7;3.89;4;0
MS;82;408;345-6043;0;0;0;207;90;35.19;232.9;83;19.8;172.4;108;7.76;9.1;8;2.46;3;0
MI;86;510;349-2808;0;1;41;119;101;20.23;230;134;19.55;236.9;58;10.66;9.5;3;2.57;0;0
TX;97;415;411-1715;1;0;0;143.7;117;24.43;273;82;23.21;178.3;81;8.02;10.9;3;2.94;0;0
FL;106;408;385-2488;0;1;32;165.9;126;28.2;216.5;93;18.4;173.1;86;7.79;14.1;8;3.81;4;0
DC;108;510;377-7177;0;0;0;138.6;122;23.56;172.3;117;14.65;231.6;92;10.42;9.8;3;2.65;1;0
TX;114;415;342-1099;0;0;0;84.7;118;14.4;249.9;86;21.24;193.4;95;8.7;14.5;8;3.92;1;0
KS;92;408;386-4170;1;0;0;62.6;111;10.64;180.6;126;15.35;221.7;80;9.98;10.4;2;2.81;1;1
UT;59;510;413-1269;0;0;0;155.2;79;26.38;235.3;123;20;169.4;80;7.62;8.7;4;2.35;1;0
MN;24;510;396-4460;0;1;25;164.9;110;28.03;209.3;105;17.79;231.2;55;10.4;6.7;9;1.81;1;0
IL;151;408;334-2730;0;0;0;134.5;88;22.87;143.1;112;12.16;223.9;61;10.08;15.4;1;4.16;1;0
NM;117;415;340-3182;0;0;0;143.3;103;24.36;211.3;108;17.96;185.2;96;8.33;11.5;3;3.11;1;0
SC;78;510;377-8608;0;0;0;168.3;110;28.61;221.2;73;18.8;241;136;10.85;12.5;1;3.38;1;0
NC;155;408;417-3676;0;0;0;262.4;55;44.61;194.6;113;16.54;146.5;85;6.59;8.3;6;2.24;2;0
WV;114;510;417-6774;0;1;30;206.2;79;35.05;260;91;22.1;291.6;83;13.12;11.4;6;3.08;1;0
RI;114;510;411-9554;0;1;28;225.8;94;38.39;193;117;16.41;232.4;100;10.46;8.4;9;2.27;4;0
NH;119;408;420-3192;0;0;0;138.3;89;23.51;170.5;78;14.49;263.9;98;11.88;13.5;6;3.65;3;0
MO;64;510;389-1475;0;1;48;94.4;104;16.05;136.2;101;11.58;147.4;89;6.63;4.5;4;1.22;0;0
MA;118;408;343-7734;1;0;0;160;123;27.2;175.4;96;14.91;184.8;99;8.32;9.9;3;2.67;2;0
PA;101;415;410-3390;0;0;0;206.6;105;35.12;224.9;117;19.12;249.9;100;11.25;14.6;3;3.94;0;0
OK;117;415;344-6495;0;0;0;134.7;121;22.9;180;83;15.3;200.9;104;9.04;7.7;3;2.08;1;0
AL;49;415;331-6229;0;1;28;214.4;78;36.45;235.2;100;19.99;206.2;107;9.28;8;13;2.16;3;0
WY;139;415;337-7501;0;0;0;192.8;104;32.78;234.4;96;19.92;203.2;101;9.14;13;3;3.51;3;0
PA;92;408;339-9631;0;1;28;151.1;90;25.69;194.8;79;16.56;239.2;114;10.76;10;3;2.7;1;0
WA;83;415;369-4384;0;0;0;221.4;103;37.64;231.8;103;19.7;122.5;100;5.51;9.8;5;2.65;3;0
HI;148;510;416-3915;1;0;0;218.9;88;37.21;208;85;17.68;203.3;99;9.15;11.1;4;3;0;0
SD;144;408;339-3049;0;1;48;189.8;96;32.27;123.4;67;10.49;214.2;106;9.64;6.5;2;1.76;2;1
AL;131;415;361-7998;0;1;25;192.7;85;32.76;225.9;105;19.2;254.2;59;11.44;10.9;6;2.94;2;0
VT;146;510;355-4842;1;0;0;204.4;135;34.75;219.1;90;18.62;222.7;114;10.02;10.5;6;2.84;3;0
MT;143;415;387-6440;0;0;0;172.3;97;29.29;174;108;14.79;188.2;119;8.47;13;4;3.51;2;0
MN;81;415;369-2625;0;0;0;198.4;93;33.73;210.9;108;17.93;193.3;71;8.7;10.4;6;2.81;2;0
AK;48;415;389-7073;0;1;37;211.7;115;35.99;159.9;84;13.59;144.1;80;6.48;12.2;1;3.29;1;0
MI;86;415;370-8463;0;1;28;221.6;74;37.67;288.4;100;24.51;240.3;105;10.81;9;2;2.43;1;0
DE;71;415;362-7318;0;0;0;197.9;108;33.64;181.5;109;15.43;281.4;56;12.66;6.7;5;1.81;3;0
SD;145;408;412-1194;0;1;24;147.5;90;25.08;175.7;108;14.93;252.1;102;11.34;15.6;3;4.21;2;0
MI;137;510;355-9508;0;0;0;206.4;122;35.09;128;102;10.88;194.5;84;8.75;8.8;5;2.38;2;0
KS;137;408;352-8202;0;0;0;205.9;88;35;209.3;86;17.79;289.9;84;13.05;14.5;4;3.92;2;0
AL;167;510;335-5882;0;0;0;207.6;88;35.29;132.4;63;11.25;255.2;98;11.48;14.1;5;3.81;0;0
OK;89;510;352-6976;0;0;0;303.9;95;51.66;260.9;114;22.18;312.1;89;14.04;5.3;3;1.43;1;1
CT;199;415;393-6733;0;1;34;230.6;121;39.2;219.4;99;18.65;299.3;94;13.47;8;2;2.16;0;0
NE;132;510;335-1838;0;0;0;99.5;110;16.92;129.1;80;10.97;125.1;124;5.63;9.7;3;2.62;0;0
WI;94;510;355-6930;0;0;0;177.1;112;30.11;194;112;16.49;146.7;108;6.6;5.9;4;1.59;1;0
CT;96;415;387-5860;0;1;37;172.7;93;29.36;120.1;116;10.21;216.1;86;9.72;10.3;5;2.78;5;1
WI;96;510;343-2605;0;1;18;172.7;86;29.36;133.4;113;11.34;259.5;70;11.68;9.8;3;2.65;1;0
IN;166;510;350-6759;0;0;0;204.2;115;34.71;179.9;152;15.29;216.8;109;9.76;9.5;5;2.57;1;0
DC;74;415;371-1514;0;0;0;85.7;83;14.57;247.7;67;21.05;142.4;85;6.41;10.1;5;2.73;2;0
AR;36;415;346-9317;0;0;0;157.6;117;26.79;184.3;58;15.67;240.4;99;10.82;11.9;1;3.21;0;0
ME;113;415;398-4313;0;0;0;215.5;129;36.64;218.7;117;18.59;207.1;91;9.32;6.6;9;1.78;4;0
MN;94;415;412-4399;0;0;0;181.5;98;30.86;199.9;88;16.99;287.7;114;12.95;6.6;5;1.78;1;0
MD;67;415;330-1835;0;0;0;171.7;80;29.19;110.4;81;9.38;195.4;111;8.79;11.9;4;3.21;2;0
FL;127;415;416-1676;0;0;0;266.6;106;45.32;264.8;168;22.51;207.2;119;9.32;5.9;2;1.59;1;1
RI;121;408;329-7347;0;0;0;170.4;108;28.97;350.5;68;29.79;297;87;13.37;11.2;3;3.02;0;1
IA;158;415;360-6868;0;0;0;158;106;26.86;292.5;114;24.86;241.1;89;10.85;9.1;4;2.46;1;0
AZ;136;510;405-6641;0;0;0;92;117;15.64;253.6;77;21.56;214.1;90;9.63;10.3;10;2.78;1;0
MO;196;415;393-2373;0;0;0;234;109;39.78;249.5;114;21.21;173.1;70;7.79;9.1;5;2.46;2;0
VT;113;415;419-1714;0;0;0;272.1;111;46.26;268.5;118;22.82;213.8;105;9.62;8.5;10;2.3;1;1
IN;122;408;336-3819;0;0;0;296.4;99;50.39;214.8;89;18.26;133.9;107;6.03;11.4;3;3.08;4;1
RI;112;510;341-3464;0;0;0;194.4;101;33.05;190.3;82;16.18;183.4;107;8.25;11.4;2;3.08;0;0
SD;209;415;413-5310;0;0;0;227.2;128;38.62;258.4;92;21.96;183.5;74;8.26;8.9;4;2.4;3;0
MN;62;415;366-7912;0;0;0;248.7;109;42.28;220;118;18.7;265.7;78;11.96;13.2;2;3.56;1;1
TX;110;415;399-8845;0;1;38;236.3;102;40.17;195.9;112;16.65;183.5;82;8.26;9.7;6;2.62;1;0
VA;16;510;368-2583;0;0;0;205.6;69;34.95;169.5;93;14.41;220.1;64;9.9;10.9;3;2.94;0;0
MA;73;408;360-6309;0;0;0;94.1;136;16;280.3;122;23.83;205;77;9.23;9.8;4;2.65;0;0
ID;128;408;359-5890;0;0;0;125.2;99;21.28;205.4;107;17.46;254.4;111;11.45;18.9;2;5.1;0;0
MA;39;408;332-2462;0;0;0;60.4;158;10.27;306.2;120;26.03;123.9;46;5.58;12.4;3;3.35;1;0
GA;103;415;381-9196;0;1;28;121;105;20.57;270.4;100;22.98;160.5;76;7.22;7.7;4;2.08;2;0
RI;119;415;329-3222;0;1;29;117.8;66;20.03;256.8;114;21.83;147.6;76;6.64;7.6;3;2.05;3;0
ID;173;510;363-5819;0;1;21;232.4;96;39.51;211.9;118;18.01;273;102;12.29;5;5;1.35;3;0
SD;128;510;413-9269;1;1;32;223.5;81;38;188.8;74;16.05;154.9;101;6.97;9.4;2;2.54;2;1
MA;86;510;330-7483;0;0;0;176.3;79;29.97;259.2;97;22.03;287.4;78;12.93;6.2;3;1.67;0;0
WY;114;415;403-7775;0;1;32;125.2;79;21.28;177.8;105;15.11;232.4;89;10.46;12.9;3;3.48;1;0
VA;104;408;360-2479;0;0;0;138.7;107;23.58;256.9;113;21.84;234.9;74;10.57;10;3;2.7;0;0
OR;148;415;394-3791;0;0;0;86.3;134;14.67;246.6;92;20.96;251.6;91;11.32;11.3;4;3.05;1;0
VA;129;408;384-2632;0;0;0;207;91;35.19;154.9;121;13.17;245.1;112;11.03;13.4;5;3.62;3;0
ME;100;510;359-8466;0;1;30;58.8;104;10;219.5;107;18.66;152.3;118;6.85;7.1;3;1.92;0;0
AL;121;408;331-8909;0;1;35;68.7;95;11.68;209.2;69;17.78;197.4;42;8.88;11.4;4;3.08;1;0
GA;143;408;359-5160;0;1;33;239.2;109;40.66;235.5;112;20.02;156.3;95;7.03;9.5;4;2.57;1;0
IA;76;510;330-9833;0;0;0;198.3;130;33.71;217.1;86;18.45;188.4;96;8.48;12.5;3;3.38;0;0
AZ;158;510;362-2314;0;0;0;205.2;97;34.88;240.6;77;20.45;79.7;108;3.59;14.4;12;3.89;0;0
FL;116;510;338-8478;0;0;0;192.1;98;32.66;312.9;135;26.6;130.2;94;5.86;7.9;2;2.13;3;0
MT;54;415;387-5453;0;0;0;272.6;83;46.34;248.7;74;21.14;197.4;111;8.88;9.5;2;2.57;1;1
AL;86;415;380-3437;0;0;0;128.3;121;21.81;197.1;93;16.75;138.4;152;6.23;12.2;5;3.29;7;1
DE;108;510;365-8779;0;0;0;169.6;99;28.83;264.1;87;22.45;206.3;78;9.28;9.3;4;2.51;0;0
MT;66;510;407-2750;0;0;0;201.3;95;34.22;152.8;66;12.99;233.2;101;10.49;7.5;4;2.03;1;0
KY;151;408;396-8265;0;1;17;214.7;97;36.5;138.5;90;11.77;169.1;44;7.61;8.6;4;2.32;1;0
SC;99;510;397-4304;0;0;0;169.2;70;28.76;271.5;77;23.08;170.2;104;7.66;10.6;2;2.86;0;0
WA;55;415;333-2611;0;0;0;194.1;121;33;176.6;110;15.01;302.8;136;13.63;7;7;1.89;2;0
OR;77;510;409-8814;0;0;0;233.8;104;39.75;266.5;94;22.65;212.7;104;9.57;7.6;3;2.05;2;0
AK;78;408;336-5406;0;0;0;225.1;67;38.27;199.2;127;16.93;175.5;102;7.9;14.6;2;3.94;0;0
GA;89;415;343-6940;0;0;0;213;63;36.21;176.6;71;15.01;262.6;126;11.82;9.1;1;2.46;1;1
MN;101;415;361-9923;0;0;0;183.9;115;31.26;255.9;101;21.75;275;145;12.38;10.8;11;2.92;1;0
IL;44;415;350-6639;0;1;34;221.8;105;37.71;161.7;85;13.74;227.7;62;10.25;14;7;3.78;0;0
IN;98;408;376-4300;0;1;21;64.6;98;10.98;176.1;86;14.97;244.8;84;11.02;0;0;0;2;0
SC;64;510;349-6567;0;1;37;154.6;92;26.28;83.4;103;7.09;165.9;99;7.47;13.3;3;3.59;1;0
VA;141;415;333-7749;0;0;0;260.2;131;44.23;179.2;120;15.23;135;119;6.08;7.2;8;1.94;3;0
WI;81;415;408-6089;0;1;33;161.6;117;27.47;123;90;10.46;261.3;101;11.76;12.2;5;3.29;1;0
VT;162;510;375-2165;0;0;0;220.6;117;37.5;155.2;121;13.19;186.7;89;8.4;10.5;11;2.84;1;0
AZ;83;415;400-6999;0;1;41;155.9;122;26.5;162.3;107;13.8;127.6;105;5.74;13.1;5;3.54;3;0
FL;100;510;420-7823;0;0;0;107;63;18.19;105.7;67;8.98;243.1;74;10.94;12.8;3;3.46;4;1
AK;59;510;366-5241;0;0;0;182.5;104;31.03;204.7;95;17.4;229.9;100;10.35;11.3;8;3.05;4;0
AR;179;415;413-3412;1;1;38;220.1;78;37.42;234.3;71;19.92;237.3;85;10.68;10.1;4;2.73;4;0
AR;79;408;406-2752;0;0;0;152.2;112;25.87;177.2;132;15.06;96.4;87;4.34;5.3;3;1.43;1;0
AK;117;415;337-8078;0;0;0;181.5;95;30.86;205.1;88;17.43;204;82;9.18;14.7;9;3.97;2;0
MS;64;408;402-1942;1;0;0;236.2;77;40.15;218.6;85;18.58;194.1;97;8.73;13.2;2;3.56;2;1
ME;31;415;371-7917;0;0;0;166.1;105;28.24;79.3;93;6.74;213.7;98;9.62;12.7;2;3.43;1;0
CA;124;408;343-6374;1;0;0;244.6;89;41.58;188.8;80;16.05;206;114;9.27;11.3;4;3.05;1;0
NM;122;408;385-8730;0;1;23;134.2;85;22.81;227.3;132;19.32;122.4;96;5.51;8.5;2;2.3;2;0
NE;37;408;393-7892;1;1;39;149.7;122;25.45;211.1;75;17.94;114.3;90;5.14;9.2;4;2.48;1;0
SC;90;408;407-6748;0;1;29;150.1;109;25.52;264.7;103;22.5;178.4;97;8.03;5.8;4;1.57;1;0
CO;159;408;341-4463;1;0;0;257.1;53;43.71;312.2;127;26.54;183;82;8.24;8.8;6;2.38;1;1
DE;148;415;351-2587;0;0;0;124.4;83;21.15;179.7;81;15.27;253;99;11.39;11.3;6;3.05;0;0
OH;39;415;421-9752;0;1;36;141.7;121;24.09;232.3;113;19.75;222.1;131;9.99;12;5;3.24;1;0
MS;77;408;356-4001;0;0;0;230;87;39.1;103.2;138;8.77;309.6;136;13.93;11.3;3;3.05;2;0
OK;194;408;328-9869;0;0;0;162.3;88;27.59;213.7;118;18.16;192.1;81;8.64;10.9;2;2.94;0;0
CO;154;415;343-5709;0;0;0;350.8;75;59.64;216.5;94;18.4;253.9;100;11.43;10.1;9;2.73;1;1
NC;112;415;334-1872;0;0;0;193.3;96;32.86;264.1;123;22.45;128.6;115;5.79;9.1;3;2.46;4;0
MD;45;415;350-1040;0;0;0;78.2;127;13.29;253.4;108;21.54;255;100;11.48;18;3;4.86;1;0
KS;132;415;369-3214;0;0;0;83.4;110;14.18;232.2;137;19.74;146.7;114;6.6;7.6;5;2.05;1;0
MA;128;415;385-6778;0;0;0;195.6;99;33.25;267.8;120;22.76;164.9;76;7.42;16;2;4.32;0;0
NC;135;415;383-7689;0;0;0;201.8;81;34.31;225;114;19.13;204.4;82;9.2;10.3;6;2.78;1;0
NM;56;408;385-5722;0;0;0;197;110;33.49;222.8;102;18.94;225.3;91;10.14;10.6;6;2.86;2;0
CA;151;415;357-1909;1;0;0;218;57;37.06;114.4;88;9.72;269.2;95;12.11;12.4;1;3.35;0;1
NY;32;415;364-3567;0;0;0;164.8;98;28.02;229.9;96;19.54;167.3;108;7.53;14.8;2;4;2;0
AZ;90;415;422-4241;0;0;0;179.2;77;30.46;210.7;99;17.91;276.9;58;12.46;9.2;6;2.48;2;0
SD;87;415;370-2957;0;1;21;214;113;36.38;180;114;15.3;134.5;82;6.05;10.6;5;2.86;0;0
DC;138;415;329-6562;0;0;0;170.5;87;28.99;118.2;116;10.05;187.9;111;8.46;11.2;7;3.02;2;0
ND;79;408;363-3515;0;0;0;205.7;123;34.97;214.5;108;18.23;226.1;106;10.17;6.7;18;1.81;1;0
MO;95;415;374-7787;1;0;0;165.5;84;28.14;286.2;112;24.33;198.9;89;8.95;11.5;2;3.11;1;1
KS;127;415;345-2931;0;0;0;221;100;37.57;160.7;113;13.66;233.1;96;10.49;6.8;4;1.84;2;0
SD;137;510;373-5732;0;0;0;242.1;118;41.16;191;93;16.24;218.6;50;9.84;14.7;2;3.97;3;0
OK;97;415;348-7437;0;0;0;151.6;107;25.77;155.4;96;13.21;240;112;10.8;14.7;4;3.97;1;0
OR;149;415;332-9460;1;0;0;176.2;87;29.95;145;81;12.33;249.5;92;11.23;5.7;4;1.54;0;0
IN;117;415;355-6531;1;1;22;196;82;33.32;322.7;82;27.43;225.6;120;10.15;3.7;5;1;1;0
OH;84;408;336-9390;0;0;0;159.5;125;27.12;247.1;90;21;187.9;82;8.46;7.2;4;1.94;2;0
KS;137;415;346-8581;0;0;0;230.2;113;39.13;220.4;79;18.73;204.7;111;9.21;10.7;7;2.89;4;0
CT;99;415;363-8824;0;0;0;146.7;64;24.94;274;99;23.29;321.3;98;14.46;8.9;1;2.4;3;0
NH;54;510;353-3351;0;0;0;210.5;102;35.79;204.5;83;17.38;127.8;53;5.75;8.5;5;2.3;1;0
WI;85;415;360-4320;0;0;0;102;95;17.34;270.2;139;22.97;148.2;105;6.67;10.7;3;2.89;1;0
MS;150;510;417-6252;0;0;0;126;99;21.42;238.5;73;20.27;285.1;100;12.83;10.2;6;2.75;3;0
WV;43;415;393-4949;0;0;0;168.4;125;28.63;243.8;89;20.72;214.7;102;9.66;11.1;2;3;1;0
MA;35;415;401-3156;0;0;0;105.6;129;17.95;258.2;129;21.95;213.1;77;9.59;8.7;3;2.35;0;0
MD;98;415;338-6283;0;0;0;206.5;92;35.11;176.2;152;14.98;232.8;115;10.48;12.4;5;3.35;5;0
PA;112;510;352-9017;0;0;0;217.1;76;36.91;205.2;100;17.44;185.7;91;8.36;9.4;3;2.54;2;0
WI;16;510;405-5305;0;0;0;229.6;78;39.03;205.7;108;17.48;166.2;91;7.48;10.8;2;2.92;0;1
TN;98;415;376-9249;0;1;22;278.3;89;47.31;93.4;143;7.94;107.6;42;4.84;9.7;5;2.62;0;0
TX;84;408;339-7139;0;0;0;138.6;102;23.56;199;93;16.92;204.1;137;9.18;7.8;4;2.11;0;0
OR;94;415;328-6011;0;0;0;234.4;103;39.85;279.3;109;23.74;234.2;121;10.54;2;2;0.54;1;1
IL;84;510;378-1303;0;0;0;181.5;129;30.86;130.7;112;11.11;186.5;118;8.39;8.5;4;2.3;1;0
DC;66;415;402-5155;0;0;0;167.3;91;28.44;230;68;19.55;191.7;118;8.63;10.6;5;2.86;1;1
GA;98;415;333-5430;0;1;31;121;105;20.57;218.9;98;18.61;226.7;110;10.2;12;1;3.24;1;0
ID;74;415;365-9696;0;0;0;221.1;124;37.59;110.8;94;9.42;240.1;112;10.8;10.6;3;2.86;0;0
UT;96;408;410-4023;0;1;26;145.8;108;24.79;192.2;89;16.34;165.1;96;7.43;9.9;2;2.67;1;0
KY;119;510;411-7649;0;0;0;222.8;122;37.88;163.2;107;13.87;160.6;112;7.23;11.2;6;3.02;1;0
OH;73;415;338-4065;0;0;0;183.4;80;31.18;242;115;20.57;201.4;100;9.06;7.5;3;2.03;4;0
WI;92;415;421-9401;1;0;0;264.3;91;44.93;160.9;115;13.68;198.6;73;8.94;9.3;5;2.51;0;0
IL;21;415;343-9658;0;0;0;146;78;24.82;109.7;79;9.32;247.4;108;11.13;6.8;7;1.84;0;0
DE;122;510;332-5521;0;0;0;157.1;134;26.71;184.9;122;15.72;197.2;59;8.87;8.5;5;2.3;4;1
RI;133;510;349-4369;1;0;0;127.3;108;21.64;251.3;81;21.36;135;88;6.08;10.3;3;2.78;1;0
TX;145;415;351-4288;0;0;0;187.9;110;31.94;197;117;16.75;167;108;7.52;4.8;4;1.3;2;0
OR;25;408;422-5874;0;0;0;178.8;90;30.4;141.2;72;12;203;99;9.14;8.4;5;2.27;2;0
NV;64;415;396-2324;0;0;0;97.2;80;16.52;186.2;90;15.83;189;92;8.5;10.4;6;2.81;2;0
NE;85;415;416-5662;0;0;0;259.8;85;44.17;242.3;117;20.6;168.8;72;7.6;5.4;1;1.46;0;0
MS;126;415;363-9663;0;0;0;256.5;112;43.61;199.5;90;16.96;188.3;122;8.47;7;5;1.89;3;0
OR;76;415;410-9477;0;0;0;169.5;77;28.82;124;87;10.54;219.4;92;9.87;10;3;2.7;0;0
DE;113;415;352-4418;0;0;0;239.7;47;40.75;282.9;110;24.05;238.4;88;10.73;8.7;3;2.35;2;1
DE;224;510;361-6563;1;0;0;171.5;99;29.16;160;103;13.6;212.4;102;9.56;5;2;1.35;1;1
AZ;117;408;417-4404;0;0;0;239.9;84;40.78;174.8;106;14.86;209.5;93;9.43;9.8;2;2.65;0;0
SD;128;408;372-8048;0;1;34;142.3;73;24.19;194.8;79;16.56;239.3;81;10.77;16;6;4.32;1;0
NV;115;415;356-3646;0;0;0;184.1;98;31.3;327;73;27.8;212.5;106;9.56;7.5;6;2.03;2;0
NM;141;415;351-9604;0;1;28;206.9;126;35.17;264.4;126;22.47;171.8;124;7.73;9.3;11;2.51;2;0
MN;51;510;355-9581;0;0;0;259.9;114;44.18;176.2;94;14.98;77.2;112;3.47;15.3;1;4.13;1;0
NJ;100;415;396-5189;0;0;0;203.8;122;34.65;283.1;76;24.06;197.3;83;8.88;12.5;3;3.38;0;0
IN;96;415;356-9187;0;1;45;248.8;124;42.3;140.3;77;11.93;263.6;102;11.86;10.3;2;2.78;3;0
DC;112;415;394-5537;0;1;16;221.6;110;37.67;130.2;123;11.07;200;108;9;11.3;3;3.05;1;0
MA;129;510;408-2712;1;0;0;192.9;131;32.79;185.5;101;15.77;205.2;130;9.23;10.9;4;2.94;1;0
ME;163;415;404-4486;0;0;0;122.4;129;20.81;113.4;108;9.64;180.2;97;8.11;12.5;7;3.38;1;0
NH;67;415;355-1113;0;1;40;104.9;65;17.83;216.3;93;18.39;217.4;128;9.78;9.6;9;2.59;1;0
AZ;140;408;411-4674;0;0;0;173.2;91;29.44;196.8;106;16.73;209.3;128;9.42;11.2;5;3.02;3;0
OR;49;510;376-4519;0;0;0;119.4;69;20.3;273.3;92;23.23;214.4;153;9.65;12.4;7;3.35;2;0
KS;46;510;365-5979;0;0;0;250.3;100;42.55;260.6;90;22.15;195;104;8.78;13.3;2;3.59;2;1
NE;148;415;382-2879;0;0;0;178.3;98;30.31;282.6;110;24.02;181;98;8.15;11.4;4;3.08;1;0
MI;112;510;420-1383;0;0;0;243.4;77;41.38;182.1;97;15.48;259.2;94;11.66;12.8;2;3.46;1;0
SC;78;415;411-7390;0;0;0;155;106;26.35;175.3;101;14.9;155.6;125;7;11.8;5;3.19;2;0
PA;61;408;383-8848;0;1;31;288.7;101;49.08;203.8;102;17.32;203.2;49;9.14;8.6;3;2.32;0;0
MT;58;510;387-9301;0;1;29;240.4;80;40.87;118.9;91;10.11;164.2;108;7.39;11.2;3;3.02;1;0
NM;155;415;399-3164;0;0;0;190.3;123;32.35;301.3;96;25.61;214.6;134;9.66;8;3;2.16;1;0
OH;100;510;385-8997;0;0;0;278;76;47.26;176.7;74;15.02;219.5;126;9.88;8.3;4;2.24;0;1
WY;113;510;352-6573;0;0;0;155;93;26.35;330.6;106;28.1;189.4;123;8.52;13.5;3;3.65;1;0
MI;81;415;408-3384;0;0;0;153.5;99;26.1;197.6;102;16.8;198.5;86;8.93;6.3;2;1.7;2;0
AR;135;510;419-6033;0;1;27;273.4;141;46.48;154;99;13.09;245.8;112;11.06;12.3;6;3.32;1;0
FL;99;408;336-2090;0;0;0;155.3;93;26.4;265.7;95;22.58;145.7;67;6.56;12.4;4;3.35;0;0
AR;59;510;343-7242;0;1;29;133.1;114;22.63;221.2;82;18.8;131.6;103;5.92;6.8;3;1.84;1;0
MO;135;510;376-1713;0;0;0;246.8;129;41.96;187.8;121;15.96;154.5;109;6.95;12.6;5;3.4;1;0
WI;85;408;381-5878;1;0;0;165.4;107;28.12;196;126;16.66;349.2;110;15.71;9.6;7;2.59;2;0
TX;70;510;390-5470;0;0;0;59.5;103;10.12;257.2;106;21.86;208.3;86;9.37;11.1;6;3;0;0
TX;88;510;414-4803;0;0;0;138.3;116;23.51;236;138;20.06;179.1;110;8.06;9.6;4;2.59;3;0
NM;55;510;382-5478;0;0;0;286.7;100;48.74;134.4;121;11.42;192.9;122;8.68;6.9;5;1.86;2;0
GA;75;415;333-7637;0;0;0;117.3;114;19.94;201.1;61;17.09;107.9;82;4.86;12.2;3;3.29;1;0
ID;79;510;341-1647;0;1;21;264.3;79;44.93;202.8;118;17.24;173.4;92;7.8;6.3;3;1.7;4;0
AL;85;408;411-4232;0;0;0;127.9;107;21.74;271.2;124;23.05;202.2;76;9.1;12.5;5;3.38;0;0
KS;86;408;339-2616;0;1;23;225.5;107;38.34;246.3;105;20.94;245.7;81;11.06;9.8;2;2.65;0;0
SD;91;510;327-3850;0;0;0;149;115;25.33;245.3;105;20.85;260;94;11.7;8.3;3;2.24;0;0
LA;149;415;328-7209;0;1;20;198.9;77;33.81;274;88;23.29;190.7;76;8.58;14.3;9;3.86;1;0
OH;97;408;405-6189;0;0;0;256.4;125;43.59;273.9;100;23.28;222.7;101;10.02;11.1;1;3;1;1
MA;88;415;418-6737;0;0;0;264.8;124;45.02;245.4;112;20.86;160.5;115;7.22;14.8;2;4;1;1
AZ;60;415;366-2212;0;0;0;98.2;88;16.69;180.5;69;15.34;223.6;69;10.06;9.3;2;2.51;2;0
KY;54;408;356-1420;0;0;0;159.8;99;27.17;264;64;22.44;115.7;70;5.21;9.7;7;2.62;2;0
DC;11;415;343-1323;0;1;28;190.6;86;32.4;220.1;122;18.71;180.3;80;8.11;6;3;1.62;3;0
WA;109;415;361-8239;0;0;0;184;120;31.28;120.4;119;10.23;153.7;86;6.92;11;3;2.97;0;0
UT;90;415;384-1621;0;0;0;261.8;128;44.51;220.6;104;18.75;136.6;91;6.15;9.6;5;2.59;1;0
RI;115;408;360-3525;0;0;0;147.9;109;25.14;228.4;117;19.41;299.7;90;13.49;9.6;9;2.59;3;0
OH;144;415;392-3813;0;1;18;106.4;109;18.09;108.1;113;9.19;208.4;111;9.38;10.1;5;2.73;1;0
NV;91;408;337-6898;0;0;0;133.7;75;22.73;195.3;87;16.6;280.5;89;12.62;5.9;2;1.59;0;0
ND;105;415;366-8036;0;1;23;193.5;85;32.9;220.2;90;18.72;272.4;111;12.26;8.5;5;2.3;0;0
NV;71;415;352-8327;1;0;0;178.2;113;30.29;167.8;94;14.26;182.1;111;8.19;13.6;3;3.67;3;1
FL;132;510;334-9505;0;1;36;226.2;103;38.45;181.6;125;15.44;258.8;102;11.65;10.5;5;2.84;3;1
MD;112;415;336-5702;0;0;0;170.4;103;28.97;200.2;71;17.02;258.3;100;11.62;11.6;4;3.13;1;0
AZ;86;415;392-2381;0;1;32;70.9;163;12.05;166.7;121;14.17;244.9;105;11.02;11.1;5;3;3;0
AL;41;510;369-6880;0;1;34;194.4;63;33.05;254.9;110;21.67;160.2;115;7.21;17.2;9;4.64;2;0
NE;44;415;416-8697;0;0;0;240.3;146;40.85;164.6;83;13.99;240.7;106;10.83;10.6;2;2.86;1;0
NV;78;408;345-3451;0;0;0;75;116;12.75;248.7;87;21.14;176;83;7.92;9.5;6;2.57;3;0
IL;149;408;379-2514;0;0;0;69.1;117;11.75;136.3;100;11.59;181.7;53;8.18;6.3;3;1.7;1;0
WV;72;510;418-6651;0;1;33;96.6;59;16.42;315.4;98;26.81;163.3;117;7.35;6.2;4;1.67;4;1
MI;139;415;421-3528;0;1;20;214.6;101;36.48;235.1;132;19.98;162.8;132;7.33;14.8;12;4;0;0
AR;74;510;329-9046;0;0;0;148.5;111;25.25;146.5;42;12.45;289.2;83;13.01;9.9;6;2.67;3;0
UT;50;510;406-3890;0;0;0;258.1;106;43.88;161.4;106;13.72;225.1;110;10.13;11.7;5;3.16;1;0
GA;141;510;403-8904;0;1;23;149.7;112;25.45;162.5;118;13.81;220.3;115;9.91;7.6;2;2.05;3;0
AZ;140;408;393-4086;0;0;0;149.8;134;25.47;164.4;98;13.97;294.7;124;13.26;8.1;2;2.19;1;0
ID;99;408;400-1367;0;0;0;190.4;102;32.37;158.1;107;13.44;271.5;92;12.22;11.2;4;3.02;2;0
HI;166;408;377-9473;0;0;0;181.4;108;30.84;253.8;54;21.57;112.3;94;5.05;11.6;6;3.13;1;0
NV;124;408;396-3068;0;0;0;151.1;123;25.69;187.4;104;15.93;255.4;93;11.49;5.3;3;1.43;1;0
MD;74;415;331-9293;0;0;0;155.7;116;26.47;173.7;63;14.76;257.4;97;11.58;8.1;4;2.19;0;0
GA;117;510;347-1914;0;0;0;149.9;95;25.48;256.1;110;21.77;212.7;92;9.57;13.3;13;3.59;2;0
GA;85;510;395-1962;0;0;0;222.3;132;37.79;231.5;101;19.68;223.5;75;10.06;11;2;2.97;3;0
UT;36;415;401-5485;0;1;16;149.4;111;25.4;131.8;113;11.2;132.7;87;5.97;6.7;2;1.81;0;0
MA;102;510;355-6560;1;0;0;233.8;103;39.75;221.6;131;18.84;146.9;106;6.61;12.8;3;3.46;0;0
IN;76;415;363-3911;0;0;0;204.2;100;34.71;292.6;139;24.87;244.3;105;10.99;10.5;2;2.84;0;0
VT;165;510;345-1998;0;0;0;242.9;126;41.29;209.8;65;17.83;228.4;126;10.28;0;0;0;1;0
IA;130;415;361-5277;0;0;0;150.4;119;25.57;230.5;99;19.59;186.3;76;8.38;12.3;4;3.32;1;0
IN;78;415;376-7145;0;0;0;208.9;119;35.51;252.4;132;21.45;280.2;120;12.61;12.8;7;3.46;0;0
AL;55;415;375-2975;1;0;0;191.9;91;32.62;256.1;110;21.77;203.7;101;9.17;14.3;6;3.86;1;1
ME;92;415;376-8573;1;0;0;130.7;113;22.22;260.6;122;22.15;244.2;98;10.99;9.4;2;2.54;2;1
RI;129;415;366-7360;0;1;33;119.6;104;20.33;278.7;88;23.69;263.4;175;11.85;5.9;2;1.59;2;0
MD;18;408;347-7898;0;0;0;273.6;93;46.51;114.6;116;9.74;250.6;120;11.28;8.2;4;2.21;1;0
FL;161;415;390-7328;1;0;0;156.1;114;26.54;180.3;63;15.33;179.6;115;8.08;11.1;9;3;2;0
CA;93;415;356-5491;0;1;36;178.7;134;30.38;178.6;102;15.18;126.8;82;5.71;8;4;2.16;2;0
AL;144;415;373-3251;0;0;0;177.5;93;30.18;287.4;75;24.43;180.5;118;8.12;11.9;3;3.21;2;0
ME;75;408;343-1965;1;0;0;211.3;61;35.92;105.6;119;8.98;175.9;63;7.92;9.7;4;2.62;4;1
WV;95;415;378-8019;0;0;0;175.2;91;29.78;244.4;109;20.77;75.8;95;3.41;7.5;2;2.03;1;0
SD;126;415;386-1548;0;1;23;114.3;102;19.43;190.3;103;16.18;240.4;111;10.82;12.6;7;3.4;3;0
FL;124;415;397-1649;0;1;28;251.4;104;42.74;225.1;89;19.13;251.9;121;11.34;7.5;5;2.03;1;0
MI;93;415;366-7247;1;0;0;216.9;61;36.87;207.4;120;17.63;221.7;110;9.98;17.5;5;4.73;1;1
MI;109;415;402-9691;1;1;26;217.2;138;36.92;145.5;111;12.37;280.7;76;12.63;9.3;3;2.51;0;0
NM;80;510;334-9806;0;0;0;206.3;97;35.07;154.9;98;13.17;263.6;82;11.86;12.4;12;3.35;0;0
AK;41;415;378-7733;0;0;0;159.3;66;27.08;125.9;75;10.7;261.9;76;11.79;11.1;5;3;1;0
OH;136;415;407-2248;0;1;31;143.1;88;24.33;236.6;65;20.11;227.8;120;10.25;11.4;5;3.08;2;0
MO;92;415;405-3916;0;0;0;154;122;26.18;329.8;88;28.03;288;117;12.96;5.6;2;1.51;3;1
KS;143;408;407-2081;0;1;24;186.6;69;31.72;222;116;18.87;234.9;138;10.57;11.6;5;3.13;1;0
MS;118;415;397-9148;0;1;26;170.8;114;29.04;199.5;125;16.96;169.7;98;7.64;9.6;5;2.59;5;1
VT;193;408;415-4857;0;1;17;124;102;21.08;202.9;81;17.25;205.1;129;9.23;12.3;3;3.32;1;0
NE;73;415;354-7314;0;0;0;198.3;94;33.71;279.3;101;23.74;146.2;87;6.58;14.8;8;4;3;0
VA;62;408;346-5611;0;0;0;172.8;101;29.38;204.8;97;17.41;240.8;90;10.84;9.1;8;2.46;2;0
DE;30;415;349-4703;0;1;30;217.4;74;36.96;213.8;86;18.17;227.2;104;10.22;6.6;3;1.78;0;0
AL;60;408;411-7778;1;1;29;265.9;113;45.2;215.8;94;18.34;108.1;82;4.86;14;12;3.78;0;1
ID;148;510;421-1469;0;1;14;93.6;137;15.91;193.8;72;16.47;144.9;84;6.52;17.5;5;4.73;1;0
MS;96;510;420-5990;0;0;0;98.2;100;16.69;307.2;88;26.11;182.5;120;8.21;7.6;1;2.05;2;0
OK;52;408;389-4780;0;0;0;214.7;68;36.5;158.6;138;13.48;123.4;114;5.55;9.4;4;2.54;2;0
NM;87;415;357-2735;0;0;0;168.2;92;28.59;224.7;100;19.1;169.5;99;7.63;12.9;3;3.48;1;0
WI;41;408;409-4791;0;0;0;202.9;97;34.49;153.8;104;13.07;113.5;92;5.11;9;3;2.43;3;0
WV;112;415;380-5286;0;0;0;261.4;108;44.44;154.5;102;13.13;130.9;90;5.89;11.6;2;3.13;1;0
SC;88;510;394-8402;0;0;0;73.3;86;12.46;161.4;82;13.72;239.6;76;10.78;8.2;3;2.21;4;1
KY;122;408;392-1616;0;1;27;253.7;84;43.13;229.2;109;19.48;190.5;123;8.57;9.2;5;2.48;7;0
MO;61;408;364-1969;0;0;0;45;108;7.65;151.3;74;12.86;152.9;94;6.88;9.8;6;2.65;2;0
IL;87;510;390-4152;0;0;0;231.3;105;39.32;171.7;108;14.59;67.7;136;3.05;13;6;3.51;1;0
OK;176;408;367-7039;0;0;0;47.4;125;8.06;167.8;90;14.26;163.1;107;7.34;10.5;8;2.84;2;0
MI;30;510;391-6607;0;0;0;227.4;88;38.66;182.5;100;15.51;191.7;134;8.63;12.5;3;3.38;0;0
NJ;95;415;379-6652;0;1;22;40.9;126;6.95;133.4;90;11.34;264.2;91;11.89;11.9;7;3.21;0;0
ID;46;415;384-1833;0;0;0;124.8;133;21.22;157.3;143;13.37;199.3;72;8.97;8.6;4;2.32;2;0
DC;100;510;403-2455;1;0;0;68.5;110;11.65;337.1;115;28.65;205.2;99;9.23;12.1;9;3.27;0;0
NY;47;415;391-1348;0;1;37;163.5;77;27.8;203.1;102;17.26;232;87;10.44;7.8;4;2.11;2;0
AL;77;415;408-4174;0;0;0;163;112;27.71;219.1;89;18.62;233.4;66;10.5;6.7;3;1.81;2;0
OR;98;415;366-4334;0;1;38;213.7;61;36.33;253;104;21.51;207.7;73;9.35;10.7;5;2.89;2;0
OK;125;415;406-5059;0;1;36;201.3;117;34.22;42.2;78;3.59;125.7;104;5.66;5.4;3;1.46;1;0
LA;67;510;373-6784;0;0;0;310.4;97;52.77;66.5;123;5.65;246.5;99;11.09;9.2;10;2.48;4;0
NE;194;408;408-3532;0;0;0;48.4;101;8.23;281.1;138;23.89;218.5;87;9.83;18.2;1;4.91;1;0
TX;128;415;350-8680;0;1;40;171.2;88;29.1;145.7;109;12.38;196.8;93;8.86;14;6;3.78;1;0
UT;190;415;398-9870;0;1;22;166.5;93;28.31;183;92;15.56;121;102;5.44;8.5;3;2.3;0;0
OR;165;415;343-3356;0;0;0;216.6;126;36.82;190.8;104;16.22;224.7;123;10.11;12.4;8;3.35;0;0
NY;59;408;415-4609;0;0;0;107.8;113;18.33;216.6;125;18.41;217.5;92;9.79;9.9;3;2.67;2;0
AL;47;408;404-5387;0;1;28;141.3;94;24.02;168;108;14.28;113.5;84;5.11;7.8;2;2.11;1;0
RI;150;415;415-8151;0;1;29;209.9;77;35.68;158;52;13.43;141.9;113;6.39;6.6;1;1.78;0;0
MN;152;415;416-2778;1;1;20;237.5;120;40.38;253.4;94;21.54;265.2;80;11.93;14.2;3;3.83;9;1
NC;26;415;393-3300;0;0;0;234.5;109;39.87;216.5;129;18.4;191.6;94;8.62;3.5;6;0.95;3;0
MD;79;510;391-7661;0;1;31;103.1;90;17.53;243;135;20.66;76.4;92;3.44;12.2;8;3.29;3;0
RI;95;510;339-4317;0;1;27;129.5;106;22.02;248.9;90;21.16;268;115;12.06;11.9;3;3.21;1;0
WI;69;510;418-6455;1;0;0;279.8;90;47.57;248.7;91;21.14;171;118;7.69;8.4;10;2.27;2;1
VT;95;510;378-3508;1;1;41;136.8;91;23.26;200.8;61;17.07;133.7;67;6.02;10.3;9;2.78;5;1
CT;31;415;390-9359;0;1;31;100.1;54;17.02;246.3;97;20.94;255;131;11.48;5.9;3;1.59;0;0
OK;121;408;364-2495;0;1;31;237.1;63;40.31;205.6;117;17.48;196.7;85;8.85;10.1;5;2.73;4;0
AK;111;415;364-7719;0;0;0;172.8;58;29.38;183.1;108;15.56;158.8;104;7.15;7.9;3;2.13;4;1
NY;157;415;421-1189;0;0;0;224.5;111;38.17;200.7;99;17.06;116.6;118;5.25;11.5;2;3.11;2;0
GA;44;510;419-8987;0;0;0;288.1;112;48.98;258;92;21.93;192.4;90;8.66;10.2;4;2.75;3;1
UT;61;510;402-9980;1;0;0;78.2;103;13.29;195.9;149;16.65;108;100;4.86;10.1;6;2.73;2;0
NM;65;415;376-5908;0;0;0;148.7;80;25.28;259;94;22.02;149.5;107;6.73;12.7;6;3.43;2;0
NE;74;415;400-3150;0;1;25;194.6;84;33.08;119.9;103;10.19;175.5;75;7.9;13.1;2;3.54;2;0
NJ;123;408;336-1749;0;0;0;159.5;77;27.12;303.8;92;25.82;226.9;120;10.21;12;4;3.24;0;0
TX;58;408;420-1259;0;1;20;194.5;110;33.07;213.7;89;18.16;236.6;92;10.65;9.5;2;2.57;1;0
MT;74;408;339-7541;0;0;0;174.1;96;29.6;251.1;94;21.34;257.6;123;11.59;8.3;5;2.24;2;1
CO;125;415;378-9029;0;0;0;131.8;97;22.41;136.7;100;11.62;308.2;119;13.87;7.7;6;2.08;2;0
VT;80;415;342-7514;0;0;0;160.6;103;27.3;237;109;20.15;245.1;88;11.03;10.7;1;2.89;1;0
RI;53;408;422-4956;0;1;18;146.8;107;24.96;310;84;26.35;178.7;130;8.04;7.2;7;1.94;0;0
WY;99;408;389-8606;0;1;28;200.7;88;34.12;264.2;116;22.46;172.7;102;7.77;9.1;5;2.46;1;0
ID;99;415;406-7261;0;0;0;145.6;106;24.75;98.3;106;8.36;230.8;83;10.39;10.9;5;2.94;1;0
CT;66;415;417-7973;0;1;29;229.4;104;39;257.4;84;21.88;231.5;119;10.42;8;1;2.16;2;0
ME;97;510;390-2891;0;0;0;211;76;35.87;189;100;16.07;123;102;5.54;4.7;4;1.27;3;0
AZ;75;510;385-7387;0;1;37;121.5;97;20.66;271.4;110;23.07;248.7;97;11.19;11.3;5;3.05;2;0
MD;85;510;362-2776;1;0;0;216;73;36.72;188.2;117;16;147.1;98;6.62;3.6;7;0.97;2;0
IN;108;510;329-1955;0;0;0;293;88;49.81;160.6;101;13.65;143.9;87;6.48;10;6;2.7;2;0
NC;133;408;344-3160;1;1;32;221.1;137;37.59;264.9;99;22.52;168.9;108;7.6;15.4;4;4.16;2;1
DE;51;510;406-2454;0;0;0;181.5;108;30.86;196.9;87;16.74;187.2;119;8.42;10.3;2;2.78;1;0
MN;186;415;335-3913;0;1;26;74.3;107;12.63;177.3;116;15.07;296.3;90;13.33;14.5;3;3.92;2;0
WI;44;415;355-7705;1;0;0;62.3;92;10.59;275;82;23.38;138.7;108;6.24;10.8;3;2.92;1;0
FL;64;408;410-7108;0;1;31;228.6;88;38.86;248.5;109;21.12;167.1;124;7.52;9;1;2.43;3;0
WV;44;510;419-1674;0;0;0;228.1;121;38.78;276.5;79;23.5;279.8;77;12.59;9.9;5;2.67;2;1
SD;114;415;351-7369;0;1;36;309.9;90;52.68;200.3;89;17.03;183.5;105;8.26;14.2;2;3.83;1;0
FL;92;415;349-9566;0;0;0;201.9;74;34.32;226.8;119;19.28;217.5;80;9.79;13.7;6;3.7;3;0
OR;110;408;333-3421;0;0;0;149.8;112;25.47;180;93;15.3;140;119;6.3;11.7;4;3.16;2;0
CO;90;408;393-8199;0;1;30;183.8;76;31.25;229.7;95;19.52;144.1;124;6.48;7.7;3;2.08;1;0
CT;72;408;388-4879;0;1;21;186.7;108;31.74;335;86;28.48;187.2;119;8.42;16.5;4;4.46;1;0
IN;113;415;353-6007;0;0;0;209.4;151;35.6;347.3;113;29.52;246;116;11.07;7.4;2;2;1;1
PA;171;415;416-1557;0;1;25;223.2;77;37.94;183.2;118;15.57;150.8;90;6.79;10.2;3;2.75;3;0
NM;104;415;356-7217;0;0;0;164.2;109;27.91;155.4;90;13.21;168.9;117;7.6;10.7;8;2.89;1;0
ME;165;408;350-2012;0;0;0;150.5;75;25.59;193.1;93;16.41;311.6;93;14.02;10.3;2;2.78;1;0
SD;104;510;420-9838;0;0;0;234.2;128;39.81;293.1;92;24.91;183.9;79;8.28;9.8;6;2.65;0;1
AR;110;408;373-6379;0;0;0;55.3;102;9.4;164.7;124;14;200.7;108;9.03;10.2;5;2.75;1;0
TX;90;408;355-7293;1;0;0;221.8;97;37.71;203.8;134;17.32;215.8;154;9.71;8.4;4;2.27;1;0
NH;114;415;406-4588;0;0;0;169.6;85;28.83;58.9;86;5.01;179.3;124;8.07;7.4;8;2;1;0
OK;101;408;345-1524;0;0;0;89.7;118;15.25;260.1;79;22.11;170.1;93;7.65;13.5;11;3.65;5;1
WI;117;408;375-8493;0;1;14;80.2;81;13.63;219;103;18.62;122.6;102;5.52;8.6;2;2.32;1;0
AL;109;408;361-2924;0;0;0;218.9;105;37.21;299.9;87;25.49;158.6;110;7.14;11.3;4;3.05;2;0
PA;82;408;359-6163;0;0;0;125.7;96;21.37;207.6;137;17.65;183.1;103;8.24;12.9;2;3.48;1;0
OK;92;510;411-8140;0;0;0;176.3;85;29.97;93.4;125;7.94;207.2;107;9.32;9.6;1;2.59;2;0
ME;82;510;381-9049;0;1;29;207.2;111;35.22;254.1;137;21.6;169.3;92;7.62;9.5;5;2.57;2;0
WV;90;415;344-4478;0;0;0;205.7;138;34.97;161.9;83;13.76;269.7;104;12.14;12.5;6;3.38;2;0
HI;87;408;360-2690;0;1;28;151.4;95;25.74;152.4;97;12.95;250.1;109;11.25;0;0;0;1;0
MN;124;510;410-7383;0;0;0;157.5;70;26.78;130.7;79;11.11;193.4;98;8.7;9.6;4;2.59;3;0
NY;39;408;356-1889;0;0;0;160.4;68;27.27;102.6;103;8.72;235.3;106;10.59;9.1;5;2.46;2;0
AZ;84;415;341-2360;0;0;0;159;80;27.03;167.9;128;14.27;167.6;101;7.54;12.3;5;3.32;1;0
OH;75;510;370-3021;0;1;46;214.1;62;36.4;200.9;111;17.08;246.8;126;11.11;9.2;6;2.48;0;0
MI;102;510;336-4656;0;0;0;102.6;89;17.44;246;77;20.91;170.5;140;7.67;9.1;4;2.46;2;0
MA;62;415;386-2810;1;0;0;159.7;86;27.15;197.5;76;16.79;121.6;105;5.47;13.9;6;3.75;0;1
WV;143;510;350-1354;0;0;0;202.8;109;34.48;165.8;104;14.09;143.9;71;6.48;4.6;4;1.24;1;0
MI;53;415;346-5707;0;0;0;57.5;95;9.78;265.5;131;22.57;244.3;128;10.99;11.6;6;3.13;3;0
NM;30;415;405-8370;0;0;0;169.9;144;28.88;225.2;118;19.14;169.7;93;7.64;11.4;7;3.08;1;0
MO;112;415;373-2053;0;0;0;335.5;77;57.04;212.5;109;18.06;265;132;11.93;12.7;8;3.43;2;1
RI;129;415;369-5222;0;0;0;139.5;119;23.72;289.3;105;24.59;129.4;97;5.82;13.1;8;3.54;0;0
NC;63;415;347-7420;0;1;29;142.3;107;24.19;118.7;56;10.09;240.1;91;10.8;6.6;8;1.78;1;0
WY;28;415;392-6856;0;0;0;187.8;94;31.93;248.6;86;21.13;208.8;124;9.4;10.6;5;2.86;0;0
WY;111;415;371-5556;0;0;0;146.2;55;24.85;261.5;83;22.23;163.2;116;7.34;8.7;3;2.35;3;0
PA;91;510;334-5337;0;0;0;231.8;120;39.41;150.6;106;12.8;269.2;129;12.11;11.6;7;3.13;3;0
KY;90;415;334-8817;0;0;0;193.7;83;32.93;154.2;79;13.11;299;60;13.46;12.7;3;3.43;1;0
OR;151;510;339-1405;0;0;0;156.4;108;26.59;233.4;118;19.84;195.7;141;8.81;7.7;6;2.08;4;0
NV;105;415;380-7742;1;1;29;220.7;82;37.52;217.7;110;18.5;190.5;100;8.57;13.2;6;3.56;1;1
DC;41;408;329-6191;0;1;37;239.8;110;40.77;221.9;115;18.86;189.1;100;8.51;7.3;1;1.97;2;0
UT;48;510;340-3075;0;1;43;172;111;29.24;200.2;64;17.02;233.1;96;10.49;8;5;2.16;1;0
WA;166;408;416-5849;1;1;35;128.2;138;21.79;274.5;113;23.33;298.9;130;13.45;8.8;7;2.38;2;0
FL;79;510;334-7443;0;0;0;130.2;119;22.13;290.9;121;24.73;194.8;140;8.77;14;6;3.78;3;0
VA;153;510;394-9121;0;0;0;195.4;107;33.22;154.6;96;13.14;142.8;97;6.43;11.6;6;3.13;1;0
KS;110;415;383-1657;1;0;0;293.3;79;49.86;188.5;90;16.02;266.9;91;12.01;14.5;4;3.92;0;1
KS;163;415;347-4112;0;0;0;191.3;89;32.52;193.9;87;16.48;268.4;121;12.08;12.8;4;3.46;1;0
DC;126;510;362-8280;0;0;0;122.4;88;20.81;143.8;111;12.22;157;106;7.07;11.5;3;3.11;1;0
ME;105;408;402-9982;0;1;33;209.6;68;35.63;146.9;140;12.49;121;131;5.44;10.6;3;2.86;2;0
LA;172;415;392-8905;0;0;0;215.7;140;36.67;146.3;84;12.44;264.6;83;11.91;7.1;1;1.92;3;0
DC;126;415;392-5512;0;0;0;161.4;110;27.44;220.6;125;18.75;249.2;78;11.21;5.1;2;1.38;0;0
TX;97;510;351-6384;0;0;0;144.2;91;24.51;226.7;137;19.27;144.6;72;6.51;13.8;4;3.73;3;0
NJ;95;408;348-8015;1;1;37;220.2;109;37.43;185.3;99;15.75;205.1;82;9.23;4.1;2;1.11;0;1
DE;87;510;374-6966;0;0;0;256.2;105;43.55;160.7;102;13.66;249.4;80;11.22;7.4;2;2;4;0
VT;97;415;328-2236;0;0;0;112.7;119;19.16;217.7;109;18.5;152.1;76;6.84;6.5;5;1.76;1;0
GA;76;415;372-6497;0;0;0;299.5;125;50.92;226.7;92;19.27;210.7;134;9.48;13.7;4;3.7;0;1
TX;140;408;417-8617;0;0;0;194.8;107;33.12;170.9;99;14.53;225.1;93;10.13;13.9;4;3.75;0;0
MT;169;415;361-9621;0;0;0;100.8;112;17.14;230;69;19.55;193.6;95;8.71;9.5;2;2.57;0;0
ND;68;408;421-2723;0;1;22;82.5;97;14.03;289.9;94;24.64;180;114;8.1;4.8;4;1.3;3;0
NJ;122;415;327-9341;0;1;34;146.4;104;24.89;89.7;103;7.62;220;91;9.9;15.6;4;4.21;2;0
MO;36;408;383-5474;0;0;0;177.9;129;30.24;224.6;87;19.09;306.3;102;13.78;10.8;6;2.92;2;0
CO;120;510;328-8147;0;1;27;153.5;84;26.1;194;73;16.49;256.5;94;11.54;10.2;7;2.75;5;0
KS;121;408;373-5438;0;0;0;150.7;105;25.62;197.3;133;16.77;169;116;7.61;9.2;15;2.48;1;0
NC;64;408;333-9253;0;1;19;180.1;106;30.62;127.5;92;10.84;237.4;118;10.68;7.5;3;2.03;0;0
MT;13;415;347-9421;0;1;31;265.3;94;45.1;147.6;95;12.55;259.3;117;11.67;12.9;1;3.48;1;0
DE;106;415;419-3167;0;0;0;128.6;83;21.86;134;114;11.39;210.6;113;9.48;11.4;2;3.08;0;0
ND;88;415;414-4162;0;0;0;161.5;92;27.46;173.5;108;14.75;206.2;95;9.28;7.9;4;2.13;2;0
VA;74;408;416-5341;0;0;0;165.3;120;28.1;198.5;106;16.87;208.5;102;9.38;9.8;3;2.65;1;0
IL;83;415;368-8600;0;0;0;195;92;33.15;210.5;83;17.89;180.6;92;8.13;11;13;2.97;0;0
OK;49;415;336-6085;0;0;0;213.8;79;36.35;265.1;93;22.53;239.8;128;10.79;15.6;7;4.21;0;0
CO;111;510;377-1479;0;1;24;205.5;114;34.94;219.3;99;18.64;215.9;95;9.72;14;4;3.78;1;0
MT;50;415;360-2107;0;1;22;252.9;112;42.99;177.9;99;15.12;158.4;146;7.13;8.5;4;2.3;3;0
WV;153;408;405-9384;0;1;28;235.6;74;40.05;227.9;37;19.37;170.3;103;7.66;15.4;9;4.16;0;0
ME;88;415;420-5179;0;0;0;192;91;32.64;127.6;127;10.85;155.6;125;7;7.5;5;2.03;1;0
WI;131;415;331-3174;0;1;39;69.1;122;11.75;101.3;136;8.61;104.8;94;4.72;9.1;4;2.46;0;0
MO;79;408;411-5958;0;0;0;261.7;97;44.49;210.6;48;17.9;256.7;83;11.55;6;3;1.62;3;1
NY;140;415;333-8180;0;0;0;235.5;81;40.04;257.2;130;21.86;103.1;111;4.64;11.5;4;3.11;2;0
CT;105;408;357-2679;0;0;0;213.4;100;36.28;204.9;52;17.42;179.7;93;8.09;9.5;6;2.57;1;0
AR;54;415;396-2867;0;1;39;206.9;143;35.17;127.8;72;10.86;199.2;120;8.96;9.2;1;2.48;3;0
WY;87;415;341-9443;0;1;22;263.8;65;44.85;103.4;115;8.79;208.1;109;9.36;8.5;3;2.3;3;0
CA;96;510;341-4103;0;1;31;183.4;126;31.18;195.5;106;16.62;180.1;93;8.1;10.5;5;2.84;1;0
CA;79;510;416-8701;0;0;0;157.6;85;26.79;194.1;92;16.5;231.5;86;10.42;9.4;10;2.54;5;1
MN;55;415;397-6109;0;0;0;175.6;147;29.85;161.8;118;13.75;289.5;55;13.03;9.3;4;2.51;0;0
AK;130;415;392-5587;0;0;0;242.5;101;41.23;102.8;114;8.74;142.4;89;6.41;9.3;2;2.51;2;0
VA;34;415;392-9342;0;0;0;151;102;25.67;131.4;101;11.17;186.6;86;8.4;9.9;7;2.67;0;0
CO;139;415;368-2845;0;0;0;138.1;103;23.48;164.5;100;13.98;134.9;63;6.07;8.3;2;2.24;1;0
MT;109;408;405-4920;0;0;0;264.7;69;45;305;120;25.93;197.4;86;8.88;9.5;9;2.57;1;1
SD;65;408;348-7484;0;1;31;282.3;70;47.99;152;89;12.92;225.5;93;10.15;12;4;3.24;1;0
NE;63;415;338-5207;0;0;0;211.2;80;35.9;237.7;93;20.2;259.2;58;11.66;12.3;2;3.32;0;0
VT;152;415;418-7846;0;0;0;197.1;126;33.51;130.1;76;11.06;78.1;100;3.51;7.4;4;2;3;0
ND;147;408;358-8729;0;0;0;205.3;95;34.9;166.7;128;14.17;240.6;84;10.83;7.8;4;2.11;1;0
GA;112;415;349-1943;0;1;22;181.8;110;30.91;228.1;123;19.39;262.7;141;11.82;9.2;4;2.48;2;0
OR;120;415;368-8283;0;0;0;252;120;42.84;150.2;106;12.77;151.8;96;6.83;9.6;1;2.59;2;0
MT;27;510;345-1419;0;0;0;193.8;102;32.95;118.9;104;10.11;135.9;124;6.12;9.2;3;2.48;0;0
WY;171;415;358-8025;0;0;0;231.2;135;39.3;188.7;74;16.04;206.9;124;9.31;12.3;1;3.32;1;0
GA;101;415;383-8695;0;1;33;200.1;108;34.02;188.9;122;16.06;205.1;90;9.23;15.5;4;4.19;0;0
WV;32;408;370-7565;0;1;26;266.7;109;45.34;232.3;107;19.75;212.8;98;9.58;16.3;4;4.4;1;0
CT;3;415;401-6162;0;1;36;118.1;117;20.08;221.5;125;18.83;103.9;89;4.68;11.9;6;3.21;2;0
IL;151;408;386-5303;0;0;0;175.3;106;29.8;144.3;87;12.27;160.2;88;7.21;11.8;5;3.19;0;0
CO;60;408;351-6552;0;0;0;125.1;99;21.27;248.8;62;21.15;211.3;79;9.51;11.2;3;3.02;3;0
DE;119;415;345-5338;0;0;0;176.8;90;30.06;224.7;81;19.1;204.6;77;9.21;7.5;15;2.03;1;0
LA;43;415;330-2849;0;0;0;241.9;101;41.12;129.4;121;11;264.8;104;11.92;5.9;3;1.59;1;0
MA;42;408;364-6801;0;0;0;241.2;134;41;116.5;114;9.9;152.2;91;6.85;10.6;4;2.86;0;0
IN;84;408;375-3003;0;0;0;217.1;99;36.91;236;68;20.06;118.3;120;5.32;9.4;4;2.54;1;0
NY;65;510;383-8878;0;0;0;195.4;110;33.22;181.2;109;15.4;178.5;105;8.03;8.9;4;2.4;0;0
TX;75;415;384-2372;1;0;0;222.4;78;37.81;327;111;27.8;208;104;9.36;8.7;9;2.35;1;1
KS;116;510;377-7107;0;0;0;189.5;90;32.22;189.8;118;16.13;205.8;83;9.26;13.1;2;3.54;1;0
WV;107;415;361-1581;0;0;0;123.1;100;20.93;158.4;82;13.46;256.1;82;11.52;9.3;5;2.51;0;0
NE;189;415;417-7888;0;1;38;256.7;98;43.64;150.5;120;12.79;123;87;5.54;11.4;3;3.08;3;0
ND;123;408;383-8364;0;0;0;159.1;94;27.05;241.6;119;20.54;202.4;120;9.11;6.5;1;1.76;1;0
AK;110;408;396-2335;0;0;0;100.1;90;17.02;233.3;93;19.83;204.4;57;9.2;11.1;8;3;3;0
CO;63;415;408-4530;0;1;32;30.9;113;5.25;187;113;15.9;230.8;101;10.39;8.6;7;2.32;1;0
ME;176;415;408-6621;0;0;0;223.2;76;37.94;214.4;131;18.22;154.4;80;6.95;10.1;2;2.73;3;0
SC;108;510;393-7522;0;0;0;187.4;101;31.86;199.9;126;16.99;216.1;107;9.72;12.6;8;3.4;1;0
MN;13;510;338-7120;0;1;21;315.6;105;53.65;208.9;71;17.76;260.1;123;11.7;12.1;3;3.27;3;0
CO;71;415;357-4265;0;0;0;277.5;104;47.18;131.8;121;11.2;126.9;101;5.71;8.2;2;2.21;1;0
KS;88;415;398-8801;0;0;0;189.8;111;32.27;197.3;101;16.77;234.5;111;10.55;14.9;3;4.02;2;0
MS;137;510;346-2347;0;0;0;147.2;119;25.02;192.8;91;16.39;172.7;105;7.77;10.2;4;2.75;1;0
NE;82;408;343-2741;0;0;0;185.8;36;31.59;276.5;134;23.5;192.1;104;8.64;5.7;7;1.54;4;0
NJ;92;510;420-8242;0;1;29;155.4;110;26.42;188.5;104;16.02;254.9;118;11.47;8;4;2.16;3;0
WI;165;510;402-7746;0;0;0;154.2;91;26.21;268.6;108;22.83;188.8;99;8.5;10.9;4;2.94;6;0
MT;96;415;332-1494;0;0;0;97.6;98;16.59;105.5;118;8.97;220.2;105;9.91;11.6;9;3.13;1;0
AR;156;415;388-6223;0;0;0;178.8;94;30.4;178.4;97;15.16;169.2;77;7.61;7.5;3;2.03;1;0
WA;63;408;404-9539;0;0;0;149.3;104;25.38;273.6;75;23.26;206.6;72;9.3;9.1;4;2.46;0;0
NH;37;415;341-7332;0;0;0;206;89;35.02;186;88;15.81;307.1;86;13.82;8.4;11;2.27;0;0
IA;98;415;338-7886;0;0;0;216.8;86;36.86;190.8;114;16.22;187.5;79;8.44;11;9;2.97;0;0
WV;121;415;332-5596;0;0;0;103.3;110;17.56;129.1;82;10.97;167.1;113;7.52;10.7;3;2.89;0;0
RI;94;415;348-9945;0;0;0;139.4;95;23.7;159.1;92;13.52;128.2;129;5.77;7.7;3;2.08;0;0
KS;99;415;407-1896;0;0;0;191.2;110;32.5;163.9;102;13.93;243.6;114;10.96;14.1;3;3.81;1;0
MT;163;510;398-9408;0;1;23;160;104;27.2;189.4;64;16.1;229.9;118;10.35;10.4;7;2.81;1;0
MO;161;510;369-8005;0;0;0;221.7;95;37.69;193;82;16.41;194.1;113;8.73;6.5;4;1.76;3;0
HI;99;415;346-2530;0;0;0;62.9;81;10.69;231;64;19.64;168.9;121;7.6;8.5;5;2.3;1;0
CO;108;415;400-5984;0;0;0;215.6;78;36.65;195.3;119;16.6;194.4;65;8.75;3.6;5;0.97;1;0
CT;84;510;351-1007;0;1;42;165.3;97;28.1;223.5;118;19;260.8;72;11.74;7.6;7;2.05;3;0
ID;83;415;345-5980;1;1;32;94.7;111;16.1;154.4;98;13.12;200.4;109;9.02;10.6;6;2.86;2;0
DC;139;510;368-8964;0;0;0;203.2;81;34.54;152.5;99;12.96;197.8;76;8.9;9.7;3;2.62;2;0
TN;69;510;358-1912;0;0;0;195.3;70;33.2;216.7;108;18.42;259.9;119;11.7;12.5;4;3.38;3;0
WY;129;510;379-3132;0;0;0;143.7;114;24.43;297.8;98;25.31;212.6;86;9.57;11.4;8;3.08;4;0
MO;106;415;340-9910;0;0;0;114.4;104;19.45;78.3;101;6.66;232.7;78;10.47;0;0;0;2;0
VA;158;415;396-2719;0;0;0;222.8;101;37.88;203;128;17.26;210.6;106;9.48;6.9;2;1.86;2;0
SD;168;415;369-6204;0;1;22;175.9;70;29.9;211.7;105;17.99;174.5;81;7.85;7.3;5;1.97;2;0
WV;115;510;420-9971;1;0;0;249.9;95;42.48;242.5;104;20.61;151.7;121;6.83;15.3;6;4.13;1;1
GA;57;408;410-3782;1;1;30;234.5;130;39.87;195.2;116;16.59;268.8;94;12.1;11.4;4;3.08;2;0
AZ;67;415;404-4481;0;0;0;210.7;116;35.82;219.2;86;18.63;179.7;83;8.09;7.2;6;1.94;1;0
AK;127;408;383-9255;0;0;0;182.3;124;30.99;169.9;110;14.44;184;116;8.28;9.3;3;2.51;1;0
AK;78;510;418-9385;0;0;0;190.3;88;32.35;194.5;89;16.53;256.5;109;11.54;11.7;5;3.16;2;0
CT;100;415;360-9676;0;1;38;177.1;88;30.11;163.7;108;13.91;242.7;72;10.92;7.4;2;2;0;0
UT;103;510;327-3587;0;1;36;87.2;92;14.82;169.3;110;14.39;166.7;80;7.5;10.9;5;2.94;6;1
KY;113;415;385-4715;0;0;0;215.6;96;36.65;193.4;127;16.44;105.4;115;4.74;13.5;3;3.65;1;0
MI;78;510;414-2695;0;0;0;137.4;109;23.36;237.6;49;20.2;206.7;136;9.3;14;11;3.78;3;0
OR;129;510;331-5999;0;1;36;192.8;103;32.78;177;83;15.05;216.5;118;9.74;16.4;5;4.43;1;0
TN;57;510;337-7739;0;0;0;149.3;100;25.38;200.2;110;17.02;231.7;101;10.43;11.9;3;3.21;2;0
WV;82;408;388-6658;0;0;0;143.7;116;24.43;170.7;99;14.51;287.7;95;12.95;7.8;5;2.11;1;0
NJ;64;415;405-6943;0;0;0;224.8;111;38.22;190;101;16.15;221.4;110;9.96;9.2;2;2.48;1;0
MS;86;510;382-4084;0;1;39;261.2;122;44.4;214.2;101;18.21;154.9;101;6.97;12.7;5;3.43;2;0
ME;151;415;352-8249;0;1;26;196.5;98;33.41;175.8;111;14.94;221.8;124;9.98;13.4;5;3.62;0;0
WY;94;510;353-8363;0;0;0;271.2;105;46.1;202.6;105;17.22;221.6;51;9.97;11.5;3;3.11;3;1
WY;90;415;416-2825;0;0;0;207.2;121;35.22;292.5;104;24.86;226.3;103;10.18;8;1;2.16;2;0
IN;48;510;342-6696;0;0;0;300.4;94;51.07;133.2;103;11.32;197.4;94;8.88;7.2;5;1.94;2;0
NM;85;408;338-9210;0;1;37;229.6;123;39.03;132.3;90;11.25;211.9;76;9.54;9.5;8;2.57;2;0
NJ;93;415;328-1768;1;1;20;187.5;110;31.88;169.8;94;14.43;175.3;127;7.89;12.1;4;3.27;1;0
DC;169;415;406-5870;1;0;0;57.1;98;9.71;199.7;78;16.97;274.7;103;12.36;6.5;6;1.76;3;0
UT;68;415;398-3834;0;0;0;162.1;86;27.56;155;86;13.18;189.7;87;8.54;11;9;2.97;5;1
KY;91;415;330-7754;1;0;0;145;89;24.65;175.8;102;14.94;223.7;151;10.07;16.7;3;4.51;2;1
KS;68;510;414-9054;0;0;0;159.5;123;27.12;240.8;93;20.47;210.3;76;9.46;11.4;3;3.08;1;0
MI;101;510;350-2832;0;0;0;190.7;72;32.42;208.6;103;17.73;203.8;111;9.17;8.8;8;2.38;1;0
UT;67;510;414-9027;0;1;20;230.6;40;39.2;189.1;58;16.07;162.2;115;7.3;9.4;2;2.54;1;0
NE;66;415;337-1225;0;0;0;34;133;5.78;278.6;61;23.68;129.6;120;5.83;11.5;3;3.11;0;0
FL;116;415;394-6577;0;1;17;193.4;112;32.88;240.6;131;20.45;248.1;98;11.16;11.4;3;3.08;5;0
LA;158;408;359-6995;0;0;0;202;126;34.34;163.5;86;13.9;195.4;84;8.79;10.4;6;2.81;1;0
MT;78;415;377-7561;0;0;0;191.7;122;32.59;241.4;88;20.52;203.5;86;9.16;9.1;5;2.46;1;0
WA;119;415;380-6631;0;1;26;161.3;97;27.42;250.3;110;21.28;142.4;92;6.41;6.6;8;1.78;1;0
MI;120;415;390-8876;0;0;0;150.6;85;25.6;119;128;10.12;232.9;123;10.48;6.4;2;1.73;1;0
KY;155;510;413-2201;0;0;0;184.6;102;31.38;196;117;16.66;226.5;122;10.19;7.8;1;2.11;1;0
LA;106;408;374-2073;0;0;0;220.7;120;37.52;270.2;95;22.97;121.6;113;5.47;8.7;5;2.35;1;0
NM;87;510;417-1272;1;0;0;167.3;119;28.44;198.5;119;16.87;133.1;88;5.99;11;6;2.97;1;0
AL;146;415;358-1129;0;1;32;154;80;26.18;185.5;91;15.77;148.2;107;6.67;8.2;4;2.21;3;0
MO;101;415;394-1211;0;1;29;121.1;116;20.59;186.4;100;15.84;241.7;75;10.88;10.1;6;2.73;0;0
CO;22;510;327-1319;0;1;23;182.1;94;30.96;164.6;59;13.99;128.8;102;5.8;12.7;4;3.43;3;0
TX;90;415;399-4413;0;0;0;109.6;88;18.63;137.6;108;11.7;159.7;121;7.19;11;5;2.97;2;0
NY;41;415;393-9985;0;0;0;209.9;105;35.68;121.9;105;10.36;253.7;104;11.42;9.6;4;2.59;1;0
OR;69;415;401-8377;0;0;0;167.5;76;28.48;242.1;92;20.58;101.2;103;4.55;11.4;4;3.08;2;0
WY;33;415;331-3202;0;0;0;213.9;88;36.36;239.8;119;20.38;148.7;71;6.69;9.8;14;2.65;2;0
UT;112;415;358-5953;0;0;0;115.8;108;19.69;243.3;111;20.68;184.6;78;8.31;13.1;5;3.54;1;0
LA;108;510;380-7624;0;1;30;276.6;99;47.02;220.1;113;18.71;177.9;95;8.01;9.8;6;2.65;2;0
NV;136;415;416-5261;0;1;21;179.4;88;30.5;181.1;97;15.39;320.7;120;14.43;9.5;4;2.57;2;0
NC;128;510;417-5067;0;0;0;187.3;84;31.84;270.8;95;23.02;206.4;68;9.29;10.1;5;2.73;1;0
NC;27;408;345-6515;0;0;0;201.2;128;34.2;227.2;100;19.31;145.8;91;6.56;8.4;3;2.27;2;0
WY;161;415;406-1349;1;0;0;189.6;78;32.23;267.4;117;22.73;184.5;137;8.3;1.3;6;0.35;1;0
TN;33;415;360-9038;0;1;35;186.8;124;31.76;261;69;22.19;317.8;103;14.3;15;5;4.05;0;0
FL;120;415;348-3444;0;1;31;153.5;83;26.1;219.1;96;18.62;237.4;76;10.68;11.4;4;3.08;0;0
CA;113;415;370-2892;0;0;0;187.6;97;31.89;208.2;118;17.7;158.9;101;7.15;8.7;6;2.35;2;0
PA;122;415;383-4061;1;0;0;230.9;132;39.25;243.2;99;20.67;182.4;57;8.21;11;2;2.97;0;1
WV;148;415;391-7937;0;1;26;244.9;150;41.63;118;138;10.03;236;91;10.62;15.2;4;4.1;2;0
NJ;74;415;389-4083;0;0;0;230.9;93;39.25;223;78;18.96;157.8;101;7.1;9.7;2;2.62;3;0
MT;106;415;410-9633;0;0;0;187.1;104;31.81;250.2;117;21.27;144.9;81;6.52;11;3;2.97;1;0
MN;179;415;418-9502;0;0;0;170.7;54;29.02;191.1;108;16.24;214.6;107;9.66;13.3;4;3.59;1;0
WI;149;415;339-6637;1;1;28;126.9;97;21.57;166.9;102;14.19;145.2;77;6.53;8.8;3;2.38;5;1
ID;77;510;356-3403;0;0;0;189.5;112;32.22;207;95;17.6;214.1;91;9.63;9.2;7;2.48;0;0
MA;127;408;371-9457;1;0;0;176.9;110;30.07;167.9;100;14.27;182.2;138;8.2;7.7;2;2.08;1;1
OR;80;415;391-8087;0;0;0;161.1;99;27.39;198.8;81;16.9;228.4;116;10.28;10.6;4;2.86;1;0
MT;106;510;392-6420;0;0;0;169.4;107;28.8;197.2;71;16.76;202.2;79;9.1;10.7;4;2.89;1;0
AL;61;415;399-4094;0;1;20;254.4;133;43.25;161.7;96;13.74;251.4;91;11.31;10.5;4;2.84;0;0
ND;135;510;378-4013;1;1;24;127.7;54;21.71;215;105;18.28;234.3;84;10.54;5.8;4;1.57;2;0
LA;115;415;386-6306;0;1;26;170.5;107;28.99;217.2;77;18.46;225.7;71;10.16;13.6;5;3.67;6;0
ND;167;408;359-3618;1;0;0;219.1;100;37.25;242.9;90;20.65;168.9;101;7.6;10.1;4;2.73;2;0
MS;107;510;340-8875;1;0;0;273.5;104;46.5;183.8;68;15.62;153.8;67;6.92;11;9;2.97;2;0
WV;112;415;330-2693;1;0;0;161.9;138;27.52;200.9;114;17.08;134;134;6.03;10.7;4;2.89;1;0
WI;35;510;403-7627;0;1;27;241.7;87;41.09;142;101;12.07;288.9;68;13;9.4;4;2.54;1;0
KS;103;408;342-3678;1;0;0;62.8;124;10.68;170.4;66;14.48;280.2;78;12.61;9.4;4;2.54;3;0
MO;107;415;344-9943;0;1;22;281.1;83;47.79;143.7;130;12.21;239.4;128;10.77;11.2;9;3.02;1;0
PA;69;415;390-5686;0;0;0;228.2;70;38.79;263.7;80;22.41;142.6;60;6.42;10.7;5;2.89;3;0
SD;85;408;358-5826;0;0;0;209.8;82;35.67;194.5;94;16.53;200.4;85;9.02;11.3;3;3.05;0;0
NJ;24;408;393-7826;0;0;0;265.6;86;45.15;208.8;102;17.75;182.5;105;8.21;11.1;6;3;2;1
AL;90;415;335-9786;0;0;0;214.9;97;36.53;117.8;117;10.01;133.7;78;6.02;11.8;2;3.19;2;0
ME;137;510;368-9860;0;0;0;110.5;79;18.79;223.2;111;18.97;169.5;64;7.63;10.5;3;2.84;3;0
AZ;92;415;416-9522;1;1;45;281.1;88;47.79;198;103;16.83;94.3;76;4.24;7.5;3;2.03;0;0
VT;38;415;416-7307;0;0;0;137.8;86;23.43;286.3;76;24.34;167;77;7.52;14.1;3;3.81;2;0
NV;69;510;397-6789;1;1;33;271.5;98;46.16;253.4;102;21.54;165.4;85;7.44;8.2;2;2.21;1;1
WI;45;408;335-9501;0;0;0;112.8;108;19.18;218.8;120;18.6;240.2;106;10.81;9;3;2.43;2;0
HI;73;408;388-1250;0;0;0;187.3;118;31.84;239.7;90;20.37;167.5;108;7.54;15.1;2;4.08;1;0
DE;92;415;386-1374;0;0;0;197;84;33.49;269.3;105;22.89;158.9;105;7.15;10.8;4;2.92;1;0
AZ;113;415;346-8112;0;1;32;180.4;89;30.67;129.4;124;11;166.9;124;7.51;8.4;2;2.27;1;0
VA;68;408;364-9040;1;0;0;148.5;126;25.25;219.4;125;18.65;198.5;121;8.93;14.5;7;3.92;1;1
GA;135;415;366-3944;0;1;22;197.1;113;33.51;259.4;95;22.05;134.7;135;6.06;14.6;5;3.94;2;0
AZ;100;415;331-9861;0;1;26;153.7;115;26.13;137.8;146;11.71;213.5;104;9.61;15.9;5;4.29;1;0
MN;96;415;330-2881;0;1;27;261.3;96;44.42;220.9;101;18.78;179.4;97;8.07;11.3;2;3.05;1;0
ME;108;510;402-9558;0;0;0;246.2;102;41.85;202.4;134;17.2;180.1;95;8.1;9.4;5;2.54;1;0
FL;84;510;341-3180;0;0;0;191;88;32.47;318.8;119;27.1;247.3;79;11.13;6.5;4;1.76;0;0
WA;134;408;371-8598;0;0;0;208.3;86;35.41;253.6;89;21.56;291;86;13.1;12.6;3;3.4;1;0
MT;72;415;398-8385;0;0;0;253;73;43.01;219.3;78;18.64;210.8;89;9.49;9.8;4;2.65;0;0
AL;83;408;333-4154;0;0;0;202.3;87;34.39;201.5;111;17.13;101.7;82;4.58;6.8;4;1.84;0;0
WV;137;408;330-3589;0;0;0;174.4;120;29.65;156.3;98;13.29;136.5;121;6.14;10.2;5;2.75;0;0
GA;56;415;417-1477;0;1;30;127.1;89;21.61;172.1;116;14.63;194.6;111;8.76;12.1;3;3.27;1;0
OH;61;510;327-5525;1;1;16;143.5;76;24.4;242.6;58;20.62;147.7;95;6.65;11.3;3;3.05;0;0
DE;171;510;363-8244;0;1;17;186.9;94;31.77;240;138;20.4;200.9;64;9.04;5.8;3;1.57;1;0
NE;123;510;419-9104;0;0;0;194;118;32.98;242;114;20.57;146.3;108;6.58;12.1;4;3.27;1;0
FL;58;510;363-1560;0;0;0;234.8;89;39.92;106.8;131;9.08;178.5;122;8.03;9.9;6;2.67;0;0
AK;156;510;341-4075;0;0;0;123.7;96;21.03;103;80;8.76;189.4;82;8.52;13.1;4;3.54;1;0
WI;166;510;366-9074;0;0;0;173.9;103;29.56;276.4;83;23.49;190.8;113;8.59;15.3;5;4.13;0;0
WA;75;510;367-1424;0;1;41;130.9;115;22.25;203.4;110;17.29;171.7;68;7.73;12.4;4;3.35;1;0
KY;75;415;341-1191;0;0;0;314.6;102;53.48;169.8;86;14.43;285.1;100;12.83;5.7;3;1.54;2;1
OH;83;510;342-9480;0;0;0;227.9;78;38.74;207.5;115;17.64;211.7;100;9.53;12.1;5;3.27;1;0
UT;243;510;355-9360;0;0;0;95.5;92;16.24;163.7;63;13.91;264.2;118;11.89;6.6;6;1.78;2;0
NM;153;408;343-1538;0;0;0;185.3;127;31.5;208;73;17.68;206.1;124;9.27;15.1;3;4.08;1;0
MN;150;415;335-2331;0;0;0;146.3;133;24.87;202.7;95;17.23;234.7;103;10.56;13.1;3;3.54;1;0
WV;92;510;335-7257;0;1;16;184;99;31.28;76.4;134;6.49;185.1;96;8.33;12.7;3;3.43;2;0
MN;80;415;332-2137;0;0;0;105.8;110;17.99;43.9;88;3.73;189.6;87;8.53;13.1;5;3.54;0;0
AL;134;415;352-2998;0;0;0;178;110;30.26;153.8;64;13.07;236.6;105;10.65;11.7;4;3.16;1;0
PA;77;510;346-6941;0;1;24;149.4;74;25.4;123.9;72;10.53;174.3;84;7.84;10.1;6;2.73;1;0
DE;147;510;400-2203;0;0;0;209.4;104;35.6;132.5;78;11.26;149.4;123;6.72;11.3;3;3.05;2;0
MO;74;415;421-2955;0;0;0;172.1;105;29.26;211.7;99;17.99;182.2;105;8.2;11.6;6;3.13;1;0
IL;138;510;331-6629;1;0;0;169.3;82;28.78;217.9;147;18.52;184.2;77;8.29;9.4;9;2.54;1;0
FL;143;415;343-6314;0;0;0;119.1;117;20.25;287.7;136;24.45;223;100;10.04;12.2;4;3.29;0;0
HI;64;415;414-6638;0;0;0;194.2;147;33.01;173.4;87;14.74;268.7;114;12.09;5.5;2;1.49;2;0
ME;120;510;350-5883;0;0;0;198.8;56;33.8;230.1;73;19.56;119.8;81;5.39;9.9;3;2.67;2;0
CO;121;408;409-4447;1;0;0;167.7;94;28.51;93.7;121;7.96;241.3;115;10.86;13.4;1;3.62;3;1
NH;88;415;376-4856;0;0;0;202.2;86;34.37;216.8;93;18.43;239.4;99;10.77;11.8;2;3.19;2;0
SC;87;408;335-1874;0;0;0;322.5;106;54.83;204.6;93;17.39;186.2;128;8.38;9.4;4;2.54;2;1
IN;100;510;397-6255;0;0;0;216.2;107;36.75;215.6;84;18.33;138.4;127;6.23;10.2;3;2.75;0;0
FL;104;415;381-5047;0;0;0;76.4;116;12.99;115.6;74;9.83;226.3;94;10.18;9.4;3;2.54;3;0
GA;27;510;403-6850;0;0;0;72.7;75;12.36;208.6;117;17.73;65.8;71;2.96;9.9;3;2.67;1;0
IL;81;415;375-3658;0;1;31;210.4;100;35.77;225.5;97;19.17;168.7;120;7.59;9.7;4;2.62;0;0
NC;64;510;341-2603;1;1;33;127.2;93;21.62;162.9;104;13.85;247.4;109;11.13;8.1;13;2.19;0;0
VT;107;510;342-5062;0;1;28;201.8;79;34.31;304.9;128;25.92;225.6;133;10.15;11.9;8;3.21;1;0
DC;88;415;354-1558;0;1;17;219.5;78;37.32;222.1;94;18.88;188.3;92;8.47;16.1;5;4.35;1;0
VT;111;408;351-9537;0;0;0;99.3;112;16.88;270.5;136;22.99;225.3;94;10.14;9;6;2.43;3;0
NV;77;415;401-1252;0;0;0;239.2;114;40.66;150;115;12.75;160.8;81;7.24;10.3;2;2.78;5;0
OR;67;415;366-9538;1;0;0;120.9;58;20.55;235;88;19.98;95.1;130;4.28;11.4;11;3.08;2;0
AL;102;408;364-7622;0;0;0;224.7;81;38.2;129.4;112;11;167.6;109;7.54;15.8;6;4.27;1;0
ND;146;408;393-9918;0;1;19;176.6;88;30.02;162.7;66;13.83;215.5;98;9.7;14.6;6;3.94;1;0
FL;144;415;376-4484;0;1;51;283.9;98;48.26;192;109;16.32;196.3;85;8.83;10;4;2.7;1;0
NE;96;415;410-6791;0;0;0;180.6;92;30.7;190.9;114;16.23;295.6;125;13.3;10.3;4;2.78;1;1
ND;70;415;343-2392;0;1;31;125.9;101;21.4;196.4;102;16.69;252.7;75;11.37;10.3;4;2.78;1;0
ME;149;408;408-4323;0;0;0;237.6;79;40.39;192.4;107;16.35;207.4;111;9.33;9.1;9;2.46;0;0
IL;129;415;395-1718;0;0;0;198.4;91;33.73;264.7;106;22.5;111.4;101;5.01;9.2;2;2.48;2;0
WA;166;408;354-9492;0;0;0;274.3;110;46.63;52.9;109;4.5;246.1;119;11.07;10.9;5;2.94;0;0
MA;136;408;367-8168;1;0;0;199.6;89;33.93;211.4;96;17.97;72.4;84;3.26;11;4;2.97;3;1
KS;149;510;340-3500;0;0;0;217.7;91;37.01;273.5;74;23.25;226.9;99;10.21;9.6;3;2.59;3;0
RI;70;415;369-4962;0;0;0;134.7;96;22.9;235.9;90;20.05;260.2;113;11.71;7.6;6;2.05;3;0
MO;120;415;334-8967;0;1;24;212.7;73;36.16;257.5;103;21.89;227.8;119;10.25;9.7;13;2.62;2;0
IA;66;510;402-2377;0;0;0;256.3;135;43.57;180.2;106;15.32;187.3;135;8.43;6.2;7;1.67;2;0
WY;104;408;366-3917;0;0;0;183.6;133;31.21;120.7;98;10.26;215.1;112;9.68;12.7;2;3.43;1;0
NV;160;415;333-3531;0;0;0;176.2;90;29.95;196;115;16.66;263.9;95;11.88;9.2;4;2.48;1;0
WI;129;415;333-8954;0;1;37;205;94;34.85;165.4;103;14.06;185;81;8.32;11.7;8;3.16;1;0
AL;93;408;374-9203;0;0;0;267.9;114;45.54;223;74;18.96;262.7;90;11.82;11.3;3;3.05;3;1
HI;169;415;334-3289;0;0;0;179.2;111;30.46;175.2;130;14.89;228.6;92;10.29;9.9;6;2.67;2;0
MO;58;415;353-7822;0;0;0;149.4;145;25.4;196.5;105;16.7;209.5;108;9.43;14.9;3;4.02;1;0
CA;75;510;350-1422;0;1;38;163.6;132;27.81;146.7;113;12.47;345.8;115;15.56;13.1;3;3.54;3;0
MO;45;408;385-8406;0;0;0;207.6;71;35.29;152.7;94;12.98;217.8;125;9.8;12.4;13;3.35;1;0
CT;155;510;380-7277;0;0;0;165.4;108;28.12;183.7;103;15.61;80.2;108;3.61;8.9;4;2.4;3;0
MD;52;415;352-1798;0;0;0;209.8;114;35.67;171.3;82;14.56;154.6;119;6.96;9.9;9;2.67;4;0
OH;119;415;385-7922;0;1;27;220.1;128;37.42;268.2;133;22.8;146.5;80;6.59;11.1;3;3;0;0
NV;86;510;353-7730;0;0;0;141.3;72;24.02;154.3;95;13.12;210.6;91;9.48;8.2;5;2.21;1;0
MD;42;408;337-7163;0;0;0;196.5;89;33.41;241.3;123;20.51;143.2;105;6.44;4;7;1.08;0;0
NE;127;510;348-5567;1;0;0;180.9;114;30.75;209.5;118;17.81;249.9;105;11.25;7.4;4;2;2;0
OH;123;408;420-9575;0;0;0;105;150;17.85;251.6;90;21.39;258;93;11.61;14.9;5;4.02;0;0
MA;98;510;366-3358;0;0;0;271.4;119;46.14;190.4;102;16.18;284.7;118;12.81;11.1;6;3;4;1
OK;149;510;359-9972;0;1;43;206.7;79;35.14;174.6;122;14.84;241.5;80;10.87;10.9;3;2.94;1;0
MA;160;408;387-3332;0;0;0;166.8;109;28.36;236;117;20.06;307.6;77;13.84;9.3;1;2.51;1;0
WA;103;415;354-6960;0;0;0;204.9;107;34.83;135.2;102;11.49;208.2;106;9.37;10.4;3;2.81;5;0
HI;132;415;405-3335;0;1;15;154.6;128;26.28;245.6;106;20.88;148.6;90;6.69;9.1;4;2.46;1;0
CO;137;415;379-4257;0;0;0;127;107;21.59;323.2;75;27.47;143.9;127;6.48;7.5;2;2.03;1;0
FL;129;415;355-4992;1;0;0;267.4;78;45.46;204.2;85;17.36;111.7;146;5.03;5.9;4;1.59;1;0
WI;62;415;383-6373;0;0;0;281;66;47.77;160.6;108;13.65;77.9;74;3.51;0;0;0;1;0
ID;122;510;382-7993;0;1;33;270.8;96;46.04;220.4;110;18.73;169.9;104;7.65;11.8;8;3.19;4;0
WY;32;408;422-5865;0;0;0;171.2;82;29.1;185.6;102;15.78;203.3;64;9.15;10.2;7;2.75;1;0
GA;86;510;410-9961;0;0;0;124.1;82;21.1;202.6;120;17.22;289.6;119;13.03;6.7;8;1.81;3;0
FL;130;415;343-9946;0;0;0;162.8;113;27.68;290.3;111;24.68;114.9;140;5.17;7.2;3;1.94;1;0
WY;42;408;357-7060;0;0;0;146.3;84;24.87;255.9;113;21.75;45;117;2.03;8;12;2.16;1;0
DE;73;415;355-9541;0;0;0;254.8;85;43.32;143.4;80;12.19;153.9;102;6.93;15;7;4.05;2;0
ME;66;408;378-4145;0;1;26;254.9;108;43.33;243.2;135;20.67;190.8;95;8.59;5.4;3;1.46;2;0
DC;103;510;386-2317;0;1;31;107.7;124;18.31;188.9;104;16.06;196.2;98;8.83;8.9;3;2.4;0;0
IA;128;408;335-8146;0;0;0;158.8;75;27;264.8;91;22.51;270;77;12.15;7.6;7;2.05;1;0
CO;104;415;377-2235;0;0;0;182.9;113;31.09;239.6;85;20.37;229.8;104;10.34;5.5;4;1.49;2;0
MN;103;415;386-9141;0;0;0;198.5;112;33.75;42.5;90;3.61;179.2;124;8.06;12.4;5;3.35;0;0
VT;124;415;416-5623;0;0;0;178.4;72;30.33;233.6;134;19.86;179.4;91;8.07;12;2;3.24;0;0
AZ;87;510;327-3053;0;0;0;110.9;91;18.85;158.5;115;13.47;207.5;131;9.34;6.2;5;1.67;1;0
LA;109;415;395-6195;0;1;27;166.9;85;28.37;221.2;92;18.8;197.3;97;8.88;12.3;4;3.32;1;1
MO;167;415;397-8772;1;0;0;244.8;91;41.62;60.8;105;5.17;176.7;110;7.95;10.7;3;2.89;2;0
ME;97;510;346-7656;0;0;0;120.8;96;20.54;169.8;101;14.43;194.1;63;8.73;11.9;3;3.21;4;1
MD;106;415;343-2350;0;0;0;165.3;118;28.1;210;101;17.85;187.2;93;8.42;8.5;3;2.3;2;0
VT;125;415;372-4722;0;0;0;126.7;113;21.54;155.5;131;13.22;206.2;112;9.28;14.4;7;3.89;2;0
DC;108;408;399-8615;0;1;35;215.9;106;36.7;200.6;107;17.05;195.4;107;8.79;15.5;7;4.19;0;0
WY;125;415;379-8248;0;0;0;140.1;132;23.82;209.6;126;17.82;264.1;77;11.88;8;2;2.16;1;0
VA;89;415;414-6219;0;1;32;209.9;113;35.68;249.8;104;21.23;224.2;92;10.09;8.7;7;2.35;1;0
VA;72;510;387-1343;1;1;29;139.8;114;23.77;138.2;91;11.75;221;88;9.95;5.5;6;1.49;0;0
CT;23;510;370-5527;0;0;0;321.6;107;54.67;251.6;115;21.39;141.1;158;6.35;11.3;3;3.05;2;1
HI;149;510;393-8736;0;0;0;166.6;61;28.32;218.8;107;18.6;208.3;131;9.37;8.2;6;2.21;7;0
WI;73;415;402-7626;0;0;0;214.2;90;36.41;196.8;78;16.73;157.9;112;7.11;5.9;8;1.59;0;0
MD;61;415;370-2688;0;0;0;260;123;44.2;210.5;127;17.89;234.7;70;10.56;9;3;2.43;1;1
WV;161;415;418-9036;0;0;0;191.9;113;32.62;70.9;87;6.03;204.8;107;9.22;13.4;4;3.62;4;1
VT;73;408;417-2035;0;0;0;213;95;36.21;188.8;104;16.05;136.2;89;6.13;13.5;3;3.65;0;0
UT;118;415;355-3602;0;1;24;118.1;83;20.08;109.6;72;9.32;245.5;73;11.05;16.9;2;4.56;1;0
CO;23;408;393-4027;0;0;0;190.2;89;32.33;166.4;108;14.14;219.8;73;9.89;15;4;4.05;6;0
NC;127;415;418-5141;0;1;25;82.2;95;13.97;163.3;109;13.88;264.9;104;11.92;5.1;6;1.38;0;0
NJ;42;415;406-1247;0;1;32;163.8;80;27.85;177.8;123;15.11;190.4;106;8.57;8.1;5;2.19;0;0
AR;118;415;402-3892;0;0;0;267.8;145;45.53;316.4;121;26.89;208.6;91;9.39;14.4;11;3.89;5;1
IA;45;510;332-2965;0;0;0;159.8;91;27.17;120.4;86;10.23;163;93;7.34;10.6;3;2.86;2;0
GA;50;408;377-1218;0;1;24;214.3;129;36.43;289.8;55;24.63;312.5;130;14.06;10.6;4;2.86;1;0
MO;179;510;355-2464;0;0;0;287.3;123;48.84;288;114;24.48;266;112;11.97;10.5;4;2.84;0;1
MO;152;408;404-4611;0;0;0;101.2;122;17.2;141.6;87;12.04;198.5;124;8.93;7.5;3;2.03;2;0
WY;105;415;373-2339;0;0;0;102.8;74;17.48;281.7;125;23.94;228.1;113;10.26;13.2;5;3.56;2;0
HI;72;415;410-3503;0;0;0;109.1;97;18.55;115.7;96;9.83;295.8;84;13.31;8.3;6;2.24;0;0
PA;52;408;410-4739;0;0;0;215.9;67;36.7;217;108;18.45;342.8;130;15.43;5.2;2;1.4;1;0
TX;125;415;365-3562;0;0;0;203.4;110;34.58;128.7;97;10.94;190.5;113;8.57;11;4;2.97;1;0
VA;143;510;387-7641;0;0;0;110.1;113;18.72;169;59;14.37;166.7;94;7.5;9.2;2;2.48;1;0
RI;65;415;385-9744;0;0;0;111;51;18.87;219.8;84;18.68;202;89;9.09;4.4;14;1.19;1;0
WI;80;415;398-5006;0;0;0;239.9;121;40.78;142.3;51;12.1;364.3;106;16.39;9.3;5;2.51;1;0
MS;1;415;408-3977;0;0;0;144.8;107;24.62;112.5;66;9.56;218.7;79;9.84;13.8;3;3.73;1;0
KY;60;408;334-2729;0;0;0;135.4;134;23.02;205.9;85;17.5;204;103;9.18;7.9;4;2.13;1;0
NC;43;415;334-7685;0;0;0;84.2;134;14.31;80.8;103;6.87;196.1;79;8.82;10.8;2;2.92;1;0
NV;143;415;350-9228;0;0;0;209.1;127;35.55;106.1;80;9.02;179.6;90;8.08;14;6;3.78;0;0
UT;81;415;407-5774;0;1;24;130.1;117;22.12;196;61;16.66;139.3;123;6.27;11.4;5;3.08;0;0
ME;205;510;413-4039;0;1;24;175.8;139;29.89;155;98;13.18;180.7;64;8.13;7.8;5;2.11;2;0
HI;24;415;343-2077;0;0;0;241.9;104;41.12;145.2;112;12.34;214.5;105;9.65;6.6;5;1.78;1;0
OH;74;415;336-5661;0;0;0;136.7;106;23.24;228.6;105;19.43;265.3;114;11.94;9.8;4;2.65;0;0
WV;77;510;355-4143;0;0;0;67.7;68;11.51;195.7;86;16.63;236.5;137;10.64;12;2;3.24;1;0
OK;74;415;366-5918;0;0;0;200.4;87;34.07;309.2;105;26.28;152.1;118;6.84;10;2;2.7;1;0
KY;74;510;368-7555;1;0;0;125.8;103;21.39;207.7;96;17.65;207.4;143;9.33;14.1;4;3.81;1;1
AL;200;408;408-2119;0;0;0;128.2;87;21.79;133.2;105;11.32;177.6;123;7.99;11.2;2;3.02;1;0
MD;86;408;329-2789;0;0;0;226.3;88;38.47;223;107;18.96;255.6;92;11.5;13;3;3.51;4;0
NE;91;510;334-1508;0;1;37;162.3;107;27.59;233.9;115;19.88;277.4;94;12.48;9.2;4;2.48;0;0
DC;76;415;337-1506;0;0;0;224.4;121;38.15;147.9;97;12.57;183.8;74;8.27;6.7;2;1.81;2;0
TX;130;415;396-8400;0;0;0;120.5;127;20.49;189.7;52;16.12;270.1;107;12.15;14.3;2;3.86;1;0
OH;56;408;349-2654;0;0;0;91.1;90;15.49;179.3;115;15.24;300.7;89;13.53;11.9;8;3.21;2;0
DE;117;415;417-2716;0;0;0;168.8;137;28.7;241.4;107;20.52;204.8;106;9.22;15.5;4;4.19;0;0
IA;63;510;402-1725;0;0;0;153.5;81;26.1;287.3;115;24.42;230.2;85;10.36;6.5;5;1.76;2;0
VT;126;415;403-3229;0;0;0;226.2;88;38.45;140.3;114;11.93;208.9;110;9.4;6.4;2;1.73;0;0
OR;132;510;353-6056;0;0;0;191.9;107;32.62;206.9;127;17.59;272;88;12.24;12.6;2;3.4;1;0
NV;81;415;399-9802;0;1;28;167.9;147;28.54;190.7;105;16.21;193;103;8.69;9.2;6;2.48;4;1
NC;122;415;366-7069;0;0;0;180;88;30.6;145;77;12.33;233.7;120;10.52;11.5;6;3.11;2;0
NJ;46;408;332-5949;0;0;0;257.4;67;43.76;261.1;91;22.19;204.4;107;9.2;13.4;5;3.62;2;1
MN;150;415;393-6376;0;1;28;174.4;75;29.65;169.9;80;14.44;201.6;130;9.07;11;4;2.97;1;0
ID;99;408;354-7025;0;0;0;159.7;83;27.15;155.4;121;13.21;255.7;114;11.51;8.4;3;2.27;1;0
AL;87;408;351-6585;0;0;0;237.2;124;40.32;222.6;87;18.92;173.3;81;7.8;11;3;2.97;1;0
AK;108;415;330-5462;0;0;0;103;129;17.51;242.3;103;20.6;170.2;89;7.66;7.9;3;2.13;1;0
VT;101;415;407-2292;0;0;0;153.8;89;26.15;234;89;19.89;196.3;77;8.83;11.6;2;3.13;4;0
PA;53;415;340-3011;0;0;0;205.1;86;34.87;160.5;95;13.64;149.5;142;6.73;10.7;2;2.89;3;0
AK;132;415;345-9153;0;1;39;175.7;93;29.87;187.2;94;15.91;225.5;118;10.15;8.6;3;2.32;2;0
CA;158;510;379-5503;0;0;0;155.9;123;26.5;224.2;112;19.06;221;116;9.95;8.6;8;2.32;2;0
MS;114;415;389-6790;0;1;34;154.4;109;26.25;221.4;142;18.82;208.5;103;9.38;10.3;5;2.78;0;0
AR;77;415;408-3610;0;1;23;209.7;73;35.65;183.6;63;15.61;205.5;111;9.25;7.1;3;1.92;2;0
NV;144;415;375-8238;1;0;0;150;69;25.5;285.9;73;24.3;190.6;121;8.58;9.4;15;2.54;0;0
AL;91;510;378-5633;0;1;23;232.4;97;39.51;186;88;15.81;190.5;128;8.57;12.3;3;3.32;3;0
GA;58;408;389-9120;0;0;0;165.4;100;28.12;115.7;87;9.83;193.8;118;8.72;12.8;5;3.46;2;0
AR;5;415;380-2758;0;0;0;199.2;106;33.86;187.3;12;15.92;214;85;9.63;13.3;3;3.59;3;0
MA;97;408;402-2728;0;0;0;217.6;81;36.99;320.5;51;27.24;150.7;110;6.78;4.2;3;1.13;0;0
NJ;107;415;354-9062;0;0;0;212.1;95;36.06;150.1;88;12.76;219.8;111;9.89;7.7;2;2.08;3;0
MO;142;415;417-2054;0;1;30;154;75;26.18;165.8;97;14.09;270;83;12.15;10.8;5;2.92;1;0
NY;9;408;353-1941;0;1;31;193.8;130;32.95;202.6;98;17.22;191.2;102;8.6;13.3;2;3.59;1;0
AZ;73;415;328-1522;0;0;0;175.4;130;29.82;248.1;105;21.09;122.4;85;5.51;12.2;4;3.29;0;0
NJ;48;510;408-4529;0;1;22;152;63;25.84;258.8;131;22;263.2;109;11.84;15.7;5;4.24;2;1
WV;43;408;417-5320;0;0;0;230.2;147;39.13;186.7;121;15.87;128.4;100;5.78;9.2;3;2.48;0;0
NM;122;408;370-9755;0;1;33;174.9;103;29.73;248.2;105;21.1;164.6;116;7.41;13.5;3;3.65;1;1
SC;93;415;372-4835;0;0;0;190.2;68;32.33;262.2;64;22.29;130;92;5.85;8.8;4;2.38;0;0
VT;85;415;334-6605;0;0;0;176.4;122;29.99;224.9;123;19.12;219.6;50;9.88;11.5;1;3.11;1;0
TN;59;415;399-5564;0;0;0;160.9;95;27.35;251.2;65;21.35;273.4;97;12.3;5;5;1.35;3;0
LA;87;415;392-2887;0;0;0;228.7;90;38.88;163;99;13.86;154.1;90;6.93;11.8;3;3.19;1;0
OH;137;408;328-2110;0;0;0;144;90;24.48;181.6;100;15.44;128.1;93;5.76;12.3;2;3.32;0;0
OR;21;510;383-5976;0;1;31;135.9;90;23.1;271;84;23.04;179.1;89;8.06;9.5;7;2.57;6;0
DE;129;510;332-6181;0;0;0;334.3;118;56.83;192.1;104;16.33;191;83;8.59;10.4;6;2.81;0;1
KY;104;415;330-5255;0;0;0;130.5;77;22.19;131.2;117;11.15;264.7;63;11.91;13;6;3.51;0;0
GA;93;408;413-5190;0;1;21;134.2;105;22.81;162.5;128;13.81;186.6;90;8.4;11.8;2;3.19;4;1
VT;63;415;394-7447;0;0;0;278;102;47.26;266.4;114;22.64;224.1;118;10.08;13.1;4;3.54;4;1
OR;161;415;353-7096;0;0;0;105.4;70;17.92;214.8;122;18.26;223.6;126;10.06;7.8;5;2.11;0;0
TX;50;510;395-6002;0;0;0;188.9;94;32.11;203.9;104;17.33;151.8;124;6.83;11.6;8;3.13;3;0
MO;103;408;372-9816;0;1;24;111.8;85;19.01;239.6;102;20.37;268.3;81;12.07;6.9;4;1.86;1;0
ND;84;415;400-7253;0;1;33;159.1;106;27.05;149.8;101;12.73;213.4;108;9.6;13;18;3.51;1;0
MN;92;510;344-7470;0;0;0;212.4;105;36.11;224.6;118;19.09;221.3;105;9.96;9;4;2.43;1;0
NV;77;415;378-8572;0;0;0;142.3;112;24.19;306.3;111;26.04;196.5;82;8.84;9.9;1;2.67;1;0
NY;64;415;345-9140;1;0;0;346.8;55;58.96;249.5;79;21.21;275.4;102;12.39;13.3;9;3.59;1;1
FL;159;415;340-5460;0;1;15;113.9;102;19.36;145.3;146;12.35;195.2;137;8.78;11.8;9;3.19;1;0
KS;110;415;369-8024;1;1;27;267.9;103;45.54;263.3;74;22.38;178.1;106;8.01;8.3;2;2.24;1;1
NV;138;510;395-8595;0;0;0;171.4;117;29.14;115.2;128;9.79;224.5;115;10.1;17;4;4.59;3;0
NV;178;408;359-4587;0;0;0;275.4;150;46.82;187.5;62;15.94;147.1;126;6.62;13.6;3;3.67;1;0
SC;38;415;375-5439;0;1;31;197.2;118;33.52;249.9;70;21.24;298.9;104;13.45;3.9;2;1.05;0;0
MI;50;415;361-3779;0;1;35;192.6;97;32.74;135.2;101;11.49;216.2;101;9.73;7.9;2;2.13;2;0
MI;45;510;375-8934;0;1;26;91.7;104;15.59;150.6;119;12.8;63.3;103;2.85;7.7;5;2.08;1;0
TN;70;510;395-4757;0;0;0;126.3;99;21.47;141.6;106;12.04;255.9;96;11.52;9.6;2;2.59;0;0
NY;147;510;421-7205;0;1;33;251.5;107;42.76;234.1;110;19.9;213.4;87;9.6;10.4;6;2.81;3;0
NV;94;510;379-8805;0;0;0;190.6;108;32.4;152.3;95;12.95;144.7;97;6.51;7.5;5;2.03;1;0
IL;179;510;348-2150;0;0;0;116.1;101;19.74;201.8;99;17.15;181.9;103;8.19;11.6;5;3.13;0;0
MS;116;415;417-9128;0;0;0;217.3;91;36.94;216.1;95;18.37;148.1;76;6.66;11.3;3;3.05;2;0
ND;59;510;351-4226;0;0;0;179.4;80;30.5;232.5;99;19.76;175.8;105;7.91;14.7;3;3.97;0;0
NC;165;415;330-6630;0;0;0;207.7;109;35.31;164.8;94;14.01;54.5;91;2.45;7.9;3;2.13;0;0
MI;133;408;387-9137;0;0;0;277.3;138;47.14;228.4;117;19.41;117.3;103;5.28;12.8;4;3.46;2;1
TN;140;415;372-3987;0;0;0;125.3;84;21.3;167.6;121;14.25;260.6;94;11.73;8.4;4;2.27;1;0
VT;93;408;408-5183;0;1;32;138.1;91;23.48;167.3;72;14.22;238.9;115;10.75;6.8;3;1.84;2;0
OK;52;510;412-9357;0;1;38;169.3;88;28.78;225.9;97;19.2;172;86;7.74;8.2;3;2.21;0;0
DE;64;415;402-3599;0;1;27;201.3;101;34.22;143.8;89;12.22;150.2;127;6.76;12.3;3;3.32;1;0
ND;12;510;379-5211;1;0;0;216.7;117;36.84;116.5;126;9.9;220;110;9.9;9.8;4;2.65;2;0
OR;48;415;405-9217;0;0;0;190.4;92;32.37;317.5;85;26.99;133.4;113;6;8.3;4;2.24;2;0
NY;181;408;340-9200;0;0;0;143.3;91;24.36;195.5;58;16.62;223.3;95;10.05;6;7;1.62;1;0
MO;168;415;339-9026;0;1;42;97.4;57;16.56;203.6;98;17.31;173.9;124;7.83;11.4;2;3.08;2;0
FL;155;415;343-4772;0;0;0;181.4;111;30.84;167.7;92;14.25;168.5;122;7.58;11.3;3;3.05;3;0
ND;105;510;345-2108;0;0;0;246.4;83;41.89;256.2;101;21.78;169;151;7.61;3.8;4;1.03;0;0
NY;11;415;401-4650;0;0;0;143.4;130;24.38;289.4;50;24.6;194;100;8.73;9.7;6;2.62;2;0
ND;182;415;400-3945;0;0;0;104.9;111;17.83;198.5;120;16.87;258.2;91;11.62;8;5;2.16;2;0
NY;104;415;338-3781;0;0;0;156.2;93;26.55;193;54;16.41;222.7;94;10.02;13.1;5;3.54;1;0
OH;102;415;342-6316;0;0;0;114.8;125;19.52;81.9;126;6.96;304.3;101;13.69;12;4;3.24;0;0
AL;122;415;336-5920;0;0;0;232.5;96;39.53;205.5;120;17.47;213.7;91;9.62;11.9;2;3.21;0;0
SC;41;415;332-1060;0;0;0;143.6;117;24.41;152.4;108;12.95;194.4;110;8.75;8.6;3;2.32;1;0
GA;132;415;418-3426;0;0;0;176.7;132;30.04;244.1;80;20.75;176.3;120;7.93;9.1;4;2.46;2;0
WY;76;415;408-6326;0;0;0;263.4;148;44.78;230.3;69;19.58;170.6;101;7.68;11.4;5;3.08;1;1
WV;13;415;334-6142;0;0;0;146.4;74;24.89;148.5;92;12.62;216.7;96;9.75;11.3;3;3.05;1;0
HI;115;415;336-6128;0;1;33;145;72;24.65;194.5;157;16.53;242.3;138;10.9;14.2;3;3.83;2;0
WV;67;408;406-6708;0;0;0;167.8;91;28.53;167.7;69;14.25;110.3;71;4.96;8.4;12;2.27;1;0
LA;154;510;388-8670;0;0;0;166.9;99;28.37;154.9;97;13.17;189.4;89;8.52;7.2;5;1.94;0;0
AR;100;510;363-5853;0;0;0;142.5;87;24.23;195.7;88;16.63;122.1;117;5.49;7.8;8;2.11;2;0
AK;146;510;383-6544;1;0;0;133;65;22.61;262.8;93;22.34;214.3;128;9.64;11.2;3;3.02;1;0
DC;148;415;378-2940;0;1;11;252.9;129;42.99;284.3;88;24.17;262.8;99;11.83;12.3;1;3.32;1;0
AL;67;415;338-7683;0;1;28;95;94;16.15;291.2;73;24.75;159.6;114;7.18;10;2;2.7;2;0
UT;161;510;329-2786;1;0;0;194.2;106;33.01;249.4;105;21.2;254.9;129;11.47;12.9;1;3.48;1;1
KS;70;415;369-9465;0;0;0;222.8;114;37.88;215.9;113;18.35;223.5;122;10.06;0;0;0;1;0
MN;116;510;337-3769;0;0;0;201.8;82;34.31;231.5;95;19.68;226.1;130;10.17;16.5;5;4.46;0;0
VA;99;415;400-6257;0;1;42;216;125;36.72;232.3;104;19.75;215.5;100;9.7;9.3;4;2.51;2;1
UT;87;415;411-6663;0;0;0;146.3;108;24.87;171.8;102;14.6;167.5;66;7.54;5.3;9;1.43;1;0
IN;87;510;384-3101;0;0;0;234.8;85;39.92;140.9;91;11.98;204.3;93;9.19;9.5;5;2.57;1;0
CT;70;408;339-5329;0;0;0;198.6;111;33.76;213.9;115;18.18;171.2;105;7.7;10.6;6;2.86;2;0
DE;131;408;388-9944;0;0;0;94.4;80;16.05;215.1;101;18.28;179.7;108;8.09;13.1;9;3.54;2;0
VT;119;510;403-1769;0;0;0;190.4;74;32.37;215.6;113;18.33;161.2;111;7.25;10;1;2.7;2;0
MO;119;408;390-1612;0;1;32;142.6;77;24.24;208.2;126;17.7;171;102;7.69;12;2;3.24;3;0
RI;87;510;421-7214;1;0;0;134.2;80;22.81;165;71;14.03;173.1;102;7.79;10.7;5;2.89;0;0
CA;112;415;338-6962;0;0;0;111.9;92;19.02;114;143;9.69;146.8;79;6.61;14.1;3;3.81;5;1
RI;75;415;333-9826;0;0;0;122.8;89;20.88;211.3;104;17.96;261.4;91;11.76;10.7;2;2.89;2;0
CT;150;510;411-8549;0;0;0;189.3;77;32.18;220.9;105;18.78;238.7;117;10.74;9.2;5;2.48;4;0
IN;161;510;381-9234;0;1;38;240.4;112;40.87;201.8;102;17.15;206.1;112;9.27;16.1;6;4.35;0;0
FL;91;510;387-9855;1;1;24;93.5;112;15.9;183.4;128;15.59;240.7;133;10.83;9.9;3;2.67;0;0
KS;124;415;371-6990;0;0;0;158.6;104;26.96;211.2;77;17.95;179.3;104;8.07;10.2;8;2.75;3;0
NY;94;510;417-3046;1;0;0;243.2;109;41.34;147;88;12.5;94.9;99;4.27;7.2;4;1.94;4;0
TX;217;408;385-7082;0;0;0;176.4;115;29.99;158.8;128;13.5;306.6;107;13.8;9.3;3;2.51;4;0
RI;158;510;365-5886;0;0;0;220.9;129;37.55;242.2;108;20.59;233.3;75;10.5;6.4;5;1.73;0;0
NV;102;415;373-5196;0;0;0;144.4;87;24.55;266.5;128;22.65;217.6;59;9.79;7.1;7;1.92;0;0
UT;85;510;327-6194;0;0;0;212.3;107;36.09;228.4;103;19.41;163.3;116;7.35;7.7;3;2.08;0;0
OK;79;510;381-4565;0;0;0;147;72;24.99;165.7;102;14.08;243.2;107;10.94;8.4;9;2.27;1;0
MN;139;510;357-9832;0;1;25;96.2;112;16.35;178.9;70;15.21;182.1;84;8.19;12.9;10;3.48;2;0
NC;103;415;396-4845;0;0;0;263.4;118;44.78;179.1;69;15.22;214.7;112;9.66;10.3;2;2.78;0;0
OR;98;415;378-6772;1;0;0;12.5;67;2.13;256.6;90;21.81;169.4;88;7.62;7.7;9;2.08;1;0
NH;78;408;353-4296;0;0;0;162.3;116;27.59;192.4;86;16.35;240.6;100;10.83;10.1;3;2.73;2;0
AK;50;408;362-8331;0;0;0;183.6;107;31.21;58.6;118;4.98;202.6;99;9.12;8.7;3;2.35;1;0
OR;161;415;362-4685;0;0;0;178.1;109;30.28;146.5;86;12.45;137.6;78;6.19;8.5;2;2.3;1;0
KS;67;408;383-1431;0;0;0;201.4;101;34.24;97.6;122;8.3;202.5;119;9.11;7;3;1.89;0;0
WV;86;415;332-2258;0;1;38;123;158;20.91;133.9;119;11.38;138.2;103;6.22;13.3;4;3.59;1;0
GA;92;510;375-8304;0;0;0;208;125;35.36;198.9;76;16.91;76.4;97;3.44;8.6;6;2.32;0;0
NM;174;415;340-5580;0;0;0;239.2;72;40.66;188.5;124;16.02;105.6;116;4.75;8.8;3;2.38;1;0
OH;124;510;362-1490;0;0;0;193;97;32.81;89.8;99;7.63;172.8;104;7.78;15.3;3;4.13;1;0
ND;132;415;336-4281;0;1;31;174.5;101;29.67;245.6;105;20.88;172.8;76;7.78;10.3;9;2.78;1;0
RI;190;415;361-1315;0;1;26;116.7;71;19.84;145.9;88;12.4;175.1;103;7.88;9.9;3;2.67;1;0
HI;101;510;342-5906;0;0;0;93.8;127;15.95;150;104;12.75;241.1;116;10.85;10.7;2;2.89;1;0
WY;185;415;405-7904;1;1;30;154.1;114;26.2;118.7;106;10.09;258.4;105;11.63;12.9;3;3.48;2;0
NY;68;415;349-4762;0;1;29;239.5;82;40.72;203.8;105;17.32;167.8;70;7.55;9.9;6;2.67;0;0
KS;117;510;385-3263;0;1;25;216;140;36.72;224.1;69;19.05;267.9;112;12.06;11.8;4;3.19;0;0
LA;118;408;405-9496;0;0;0;187.4;97;31.86;177.8;89;15.11;233.4;97;10.5;12.2;6;3.29;1;0
PA;124;415;396-6775;0;0;0;167.4;119;28.46;233.2;143;19.82;109.6;115;4.93;10.3;5;2.78;0;0
NV;22;510;393-6475;0;0;0;160.4;108;27.27;218.1;88;18.54;192.9;115;8.68;12.5;4;3.38;1;0
MN;75;415;379-7779;0;0;0;143.2;92;24.34;209.1;142;17.77;173;96;7.79;11.9;9;3.21;1;0
PA;134;408;408-8650;0;0;0;205.3;122;34.9;240.5;155;20.44;179.1;107;8.06;5;9;1.35;1;0
MO;164;408;400-3497;0;1;25;219.1;88;37.25;151.5;99;12.88;50.1;60;2.25;14.3;6;3.86;1;0
NY;44;510;407-9244;0;0;0;143.2;77;24.34;169.8;114;14.43;215.8;77;9.71;7.6;4;2.05;1;0
ME;177;415;406-8809;0;0;0;232.8;106;39.58;175.2;97;14.89;212.2;77;9.55;12.5;7;3.38;2;0
NH;110;408;358-1778;0;0;0;162;81;27.54;247.5;89;21.04;155.5;99;7;8.9;8;2.4;0;0
WY;53;415;337-4339;0;1;27;25.9;119;4.4;206.5;96;17.55;228.1;64;10.26;6.5;7;1.76;1;0
NY;108;415;344-7197;0;0;0;154.2;123;26.21;112.3;86;9.55;246.4;75;11.09;15.4;4;4.16;4;1
ME;80;408;333-7631;0;0;0;322.3;113;54.79;222;95;18.87;162.8;123;7.33;6.7;8;1.81;0;1
MN;158;408;372-6623;0;0;0;209.9;112;35.68;221.3;82;18.81;210;93;9.45;8.2;3;2.21;1;0
OH;114;415;363-2602;0;0;0;191.5;88;32.56;175.2;78;14.89;220.3;118;9.91;0;0;0;0;0
NC;64;408;387-7757;0;1;19;291.1;150;49.49;226.7;123;19.27;219.1;67;9.86;7.5;2;2.03;1;0
SD;88;415;397-5381;0;0;0;215.6;115;36.65;216.2;85;18.38;171.3;65;7.71;11.8;1;3.19;3;0
UT;82;510;406-4604;1;0;0;208.8;101;35.5;213.7;87;18.16;175.1;86;7.88;12.4;6;3.35;3;0
KY;111;415;376-9513;0;0;0;255.9;97;43.5;204.1;129;17.35;171.3;84;7.71;12.3;5;3.32;3;0
MT;60;408;360-1852;0;0;0;252.7;97;42.96;221.1;121;18.79;109.9;100;4.95;12.4;4;3.35;2;0
NJ;113;408;421-7270;0;0;0;132.1;72;22.46;247.5;107;21.04;246.2;123;11.08;6.9;6;1.86;3;0
FL;109;408;371-9482;0;0;0;217;115;36.89;207;142;17.6;268;106;12.06;8.2;4;2.21;1;0
IN;105;510;337-4101;0;1;42;101.9;79;17.32;223.1;97;18.96;241.6;77;10.87;12.9;2;3.48;0;0
DE;85;510;420-2796;0;0;0;211.5;100;35.96;184.6;88;15.69;164.3;131;7.39;13.3;4;3.59;2;0
AL;131;510;366-4225;0;0;0;153.4;86;26.08;198.5;81;16.87;164.4;83;7.4;10.4;3;2.81;0;0
ME;59;510;398-4567;0;0;0;166.3;95;28.27;239.3;87;20.34;123.2;108;5.54;10;3;2.7;2;0
SD;148;408;388-4571;0;0;0;185.2;87;31.48;170.4;96;14.48;165.1;104;7.43;9.5;13;2.57;1;0
VA;210;408;360-8666;0;0;0;104.6;121;17.78;149.5;71;12.71;255.1;67;11.48;6.5;8;1.76;2;0
AK;115;415;333-3704;0;0;0;245.2;105;41.68;159;109;13.52;229.9;74;10.35;7.2;8;1.94;0;0
ID;106;510;383-2566;0;0;0;274.4;120;46.65;198.6;82;16.88;160.8;62;7.24;6;3;1.62;1;0
RI;93;415;406-5584;0;0;0;98.4;78;16.73;249.6;129;21.22;248.2;114;11.17;14.2;4;3.83;1;0
KY;57;415;344-4691;0;1;29;279.9;121;47.58;223.1;109;18.96;251.7;94;11.33;13;2;3.51;1;0
ND;98;510;347-9737;0;0;0;187.2;127;31.82;195.6;88;16.63;181.8;129;8.18;5.1;4;1.38;1;0
HI;157;415;333-7961;0;0;0;276.2;95;46.95;165.8;119;14.09;151.6;79;6.82;2.2;4;0.59;3;0
WI;116;415;364-2439;0;1;35;200.4;104;34.07;272.8;89;23.19;214.5;100;9.65;8.3;4;2.24;1;0
WV;30;510;411-8043;0;0;0;162.3;96;27.59;244;122;20.74;180.1;89;8.1;9.1;4;2.46;2;0
NJ;111;510;332-5084;0;0;0;176.9;128;30.07;102.8;56;8.74;213.7;84;9.62;10.5;2;2.84;4;1
KS;52;415;413-4831;0;0;0;165.5;78;28.14;205.5;89;17.47;213.6;124;9.61;12.2;6;3.29;0;0
AL;72;415;343-4806;0;0;0;217.8;93;37.03;189.7;113;16.12;182.6;91;8.22;10.4;5;2.81;4;0
NJ;135;510;401-8735;0;1;28;201.4;100;34.24;246.5;117;20.95;154.8;131;6.97;12.9;4;3.48;2;1
NC;86;510;391-8626;0;0;0;190.5;115;32.39;179.6;130;15.27;258.5;89;11.63;10.1;5;2.73;3;0
DE;98;415;327-5817;0;1;29;179.9;97;30.58;189.2;89;16.08;164.3;76;7.39;12.8;7;3.46;3;0
WY;151;510;381-4712;0;0;0;235.9;104;40.1;80.6;91;6.85;212.8;116;9.58;5.8;2;1.57;3;0
ID;118;415;335-3320;0;0;0;140.4;112;23.87;187.1;60;15.9;207.9;155;9.36;7.9;1;2.13;0;0
NY;117;415;415-8780;0;0;0;144.6;115;24.58;258.8;66;22;253.2;113;11.39;7.4;9;2;2;0
MO;55;510;362-1146;0;0;0;189;100;32.13;118.5;99;10.07;248.1;87;11.16;17.1;6;4.62;0;0
ID;82;408;352-7413;0;0;0;101;93;17.17;155.6;104;13.23;304.4;93;13.7;13.3;2;3.59;0;0
IA;152;415;387-6716;0;0;0;206.3;98;35.07;292.8;82;24.89;43.7;121;1.97;10.6;4;2.86;1;0
TN;108;408;352-1127;0;1;15;165.1;85;28.07;267;93;22.7;250.7;114;11.28;10.9;4;2.94;1;0
OH;98;408;368-1288;0;0;0;165;129;28.05;202.6;113;17.22;172.3;94;7.75;12.5;7;3.38;1;1
IL;130;415;403-5279;0;0;0;155.9;95;26.5;256.1;97;21.77;262.9;103;11.83;11.7;3;3.16;3;0
FL;136;408;397-9333;1;0;0;199.2;122;33.86;214.7;114;18.25;150.9;105;6.79;11.8;7;3.19;1;0
MA;47;415;411-7353;0;0;0;155.3;116;26.4;188.2;85;16;247;73;11.12;12.3;4;3.32;3;0
OK;189;415;383-2537;0;0;0;208.3;106;35.41;236.7;123;20.12;179.1;120;8.06;11.3;5;3.05;3;0
KY;107;415;330-4419;0;0;0;157.1;79;26.71;162.6;124;13.82;150;138;6.75;12.1;6;3.27;1;0
MI;91;415;390-7930;0;0;0;154.4;165;26.25;168.3;121;14.31;239.9;81;10.8;11.7;4;3.16;5;1
NE;159;415;362-5111;0;0;0;189.1;105;32.15;246.1;147;20.92;242;106;10.89;10.4;5;2.81;1;1
VA;11;408;358-6796;0;1;24;131.5;98;22.36;230.2;111;19.57;283.7;87;12.77;10;3;2.7;2;0
NY;167;415;409-7494;0;0;0;166.4;85;28.29;243.2;135;20.67;229.2;95;10.31;9.9;5;2.67;1;0
MT;111;408;400-1636;0;0;0;142.3;75;24.19;122.8;106;10.44;229.5;94;10.33;12.8;9;3.46;2;0
VT;99;408;389-2747;0;1;19;87.7;103;14.91;223;86;18.96;182.3;112;8.2;7.3;4;1.97;2;0
KS;159;415;415-2176;0;1;19;184.1;78;31.3;194.5;71;16.53;225.6;101;10.15;16.9;3;4.56;0;0
VA;114;415;377-8067;1;1;31;174.5;104;29.67;224.2;92;19.06;116.3;91;5.23;12.3;10;3.32;2;0
AL;71;415;362-7835;0;0;0;103.3;103;17.56;138.5;79;11.77;164.8;98;7.42;9;2;2.43;2;0
PA;122;415;361-5225;0;0;0;35.1;62;5.97;180.8;89;15.37;251.6;58;11.32;12.7;2;3.43;1;0
AL;100;408;333-3447;0;1;25;246.6;94;41.92;141.4;112;12.02;189.8;109;8.54;13;5;3.51;1;0
WV;83;415;341-3044;0;1;37;78.5;109;13.35;210.5;101;17.89;179.7;102;8.09;11.8;4;3.19;1;0
NV;64;408;350-7306;0;0;0;148.1;73;25.18;164.9;101;14.02;216;125;9.72;12.3;2;3.32;5;1
TN;105;408;353-8849;0;0;0;206.2;84;35.05;256.4;138;21.79;117.1;91;5.27;9;3;2.43;1;0
ID;144;415;402-3476;0;1;33;251.6;87;42.77;197.6;118;16.8;209.2;97;9.41;12.2;3;3.29;2;0
WY;106;415;338-6018;1;1;26;270.3;111;45.95;215.2;90;18.29;254;133;11.43;14.4;7;3.89;1;1
TX;19;510;409-3520;0;1;34;156.6;97;26.62;224.2;97;19.06;260.9;135;11.74;11.3;1;3.05;1;0
MA;46;408;357-1085;0;0;0;139.4;81;23.7;223.7;113;19.01;173.1;77;7.79;13.6;6;3.67;1;0
IL;127;510;353-3285;0;0;0;220.2;108;37.43;188.4;124;16.01;172.7;113;7.77;11.7;3;3.16;2;0
LA;9;415;409-9885;0;1;39;214.1;108;36.4;169.2;115;14.38;189.7;117;8.54;10.1;3;2.73;1;0
CO;157;415;388-7701;0;0;0;196;74;33.32;213.4;96;18.14;196.8;81;8.86;7.9;6;2.13;1;0
UT;105;415;385-8184;0;0;0;106.4;71;18.09;240.1;83;20.41;147.7;114;6.65;5.3;4;1.43;6;1
MI;105;415;345-2863;0;1;29;179.4;113;30.5;275.4;100;23.41;246.1;105;11.07;10;5;2.7;0;0
NH;155;408;353-6300;0;0;0;216.7;30;36.84;144.3;125;12.27;135.3;106;6.09;10.8;1;2.92;2;0
ID;31;415;389-5649;0;0;0;177.3;129;30.14;152.8;105;12.99;162.9;92;7.33;5.1;2;1.38;0;0
WA;161;415;378-8137;0;0;0;151.6;117;25.77;219.4;87;18.65;224.7;68;10.11;4;5;1.08;1;0
MN;95;408;340-4627;0;1;32;262.2;123;44.57;165.2;82;14.04;194.3;57;8.74;10.6;5;2.86;0;0
NY;122;415;352-6833;0;0;0;173.6;110;29.51;91.7;84;7.79;211.7;103;9.53;9.7;7;2.62;3;0
MD;37;415;420-2000;1;0;0;106.6;76;18.12;147.4;89;12.53;235.8;113;10.61;9.6;8;2.59;2;0
GA;132;415;368-5437;0;0;0;193.3;106;32.86;128.3;94;10.91;162.1;119;7.29;11.6;4;3.13;5;1
HI;119;408;418-8170;0;1;24;217.2;94;36.92;138.7;52;11.79;139.3;85;6.27;11.3;4;3.05;0;0
AL;16;408;403-9417;0;0;0;209.5;89;35.62;172.8;85;14.69;94.1;102;4.23;8.8;4;2.38;1;0
CT;99;408;330-6165;0;0;0;95.4;105;16.22;207.2;101;17.61;136;117;6.12;5.6;5;1.51;1;0
CO;76;408;412-4185;0;1;26;214.6;110;36.48;205.2;87;17.44;134.6;140;6.06;8.1;2;2.19;1;0
KS;167;415;409-4734;0;0;0;131.6;120;22.37;211.3;96;17.96;168.3;97;7.57;11.1;4;3;4;1
NJ;129;415;348-9828;0;0;0;168.4;117;28.63;217.1;129;18.45;81.6;100;3.67;11.8;7;3.19;1;0
FL;116;408;418-8850;0;0;0;146.4;123;24.89;176.6;113;15.01;212.6;102;9.57;7.8;5;2.11;1;0
CA;60;415;330-8351;1;0;0;183;110;31.11;206.7;93;17.57;203.8;119;9.17;11.1;6;3;1;0
KS;128;415;347-7773;0;0;0;103.3;122;17.56;245.9;123;20.9;161.1;95;7.25;6.4;7;1.73;0;0
TX;47;408;392-6841;0;1;28;112.2;70;19.07;154.8;106;13.16;166.7;105;7.5;10.6;2;2.86;0;0
MN;40;510;354-2189;1;0;0;170.7;55;29.02;179.1;108;15.22;281.9;89;12.69;8.2;9;2.21;3;0
AK;173;510;349-9060;0;0;0;172.5;78;29.33;142.6;91;12.12;102;63;4.59;10.9;2;2.94;0;0
OR;157;510;334-1311;0;1;30;194.3;107;33.03;243.2;108;20.67;322.2;114;14.5;7.1;5;1.92;1;0
MS;66;408;415-3120;0;1;32;187.8;117;31.93;129.8;90;11.03;132.3;113;5.95;12;3;3.24;2;0
VT;50;415;387-5891;1;1;26;307.1;94;52.21;289.4;78;24.6;174.9;109;7.87;8;3;2.16;0;0
UT;72;415;368-8026;0;0;0;118.2;106;20.09;167.2;136;14.21;214.2;106;9.64;12.2;3;3.29;3;0
KS;130;510;332-9446;0;0;0;154;95;26.18;205.9;106;17.5;233.7;75;10.52;12.9;1;3.48;1;0
NV;143;408;393-5284;0;0;0;155.5;101;26.44;213.4;89;18.14;237.9;61;10.71;7.6;11;2.05;1;0
DE;89;510;376-1677;1;0;0;125.6;108;21.35;213;90;18.11;181.7;108;8.18;5.4;5;1.46;1;0
IN;108;415;392-2268;0;0;0;199.3;104;33.88;224.2;92;19.06;140.1;57;6.3;15.2;2;4.1;0;0
TX;32;408;396-4311;0;0;0;157.9;88;26.84;180.8;132;15.37;132.5;102;5.96;12.8;3;3.46;1;0
MA;166;415;363-4005;0;0;0;203.4;81;34.58;167.7;110;14.25;132;124;5.94;9.2;5;2.48;2;0
VT;109;408;344-9966;0;0;0;222.2;113;37.77;218.5;122;18.57;266;88;11.97;10.9;5;2.94;1;0
CA;72;408;337-7377;0;1;39;92.8;98;15.78;271.2;115;23.05;167.1;83;7.52;5.8;7;1.57;1;0
IA;134;415;373-7037;0;1;32;216.8;78;36.86;102.2;111;8.69;174;83;7.83;8.6;2;2.32;0;0
NH;13;415;356-7580;0;0;0;193.2;89;32.84;194.4;90;16.52;186.5;104;8.39;9.7;2;2.62;4;0
GA;90;415;390-3401;0;0;0;113.2;108;19.24;189.3;63;16.09;271.8;124;12.23;14.1;4;3.81;3;0
WI;111;415;350-9313;0;1;36;166.2;54;28.25;238.8;109;20.3;108.8;92;4.9;11.2;2;3.02;3;0
CO;101;408;420-9009;0;1;23;262.2;101;44.57;157;80;13.35;129.1;100;5.81;7.3;14;1.97;1;0
SC;72;415;415-2641;0;0;0;207.8;92;35.33;195.7;110;16.63;184.8;124;8.32;13.1;4;3.54;0;0
MI;67;510;392-4929;0;1;35;245.4;89;41.72;148.2;102;12.6;274;136;12.33;7.5;6;2.03;1;0
MD;172;408;346-5068;0;0;0;287.1;108;48.81;178.4;125;15.16;153.2;98;6.89;14.4;2;3.89;3;1
IN;154;510;389-2631;0;1;32;192.3;82;32.69;165.3;134;14.05;205;74;9.23;9;1;2.43;2;0
ME;69;510;368-3808;0;0;0;194.2;122;33.01;242.1;81;20.58;215.8;80;9.71;9.7;3;2.62;2;0
DC;123;415;406-8599;0;0;0;211;92;35.87;217;102;18.45;214.8;104;9.67;9.8;7;2.65;3;0
TN;130;415;386-7456;0;1;12;141.9;92;24.12;228.9;102;19.46;195.1;101;8.78;8.7;5;2.35;0;0
FL;142;415;357-4936;0;1;26;220.5;94;37.49;239.5;126;20.36;254.3;109;11.44;5.9;9;1.59;2;0
WA;29;415;397-7411;0;0;0;157.4;122;26.76;145;75;12.33;281.8;92;12.68;9.3;2;2.51;1;0
HI;87;408;353-6218;0;1;28;143.5;106;24.4;223.5;147;19;175.4;69;7.89;11.2;5;3.02;0;0
NE;149;415;369-5942;0;0;0;156;56;26.52;56;116;4.76;163.3;104;7.35;8.9;8;2.4;0;0
TN;146;408;416-8543;1;0;0;160.1;63;27.22;208.4;112;17.71;177.6;98;7.99;9.2;3;2.48;2;0
MD;88;415;358-4576;1;0;0;235.1;98;39.97;251.8;79;21.4;285.9;76;12.87;7.2;2;1.94;4;1
NM;119;415;352-5118;1;1;15;160;95;27.2;209.5;110;17.81;82.3;107;3.7;8.7;5;2.35;5;1
VT;48;510;408-2621;0;0;0;188.4;63;32.03;165.9;89;14.1;205.7;71;9.26;13.2;2;3.56;1;0
OR;135;415;353-3994;0;0;0;194.8;97;33.12;235.3;118;20;174.4;126;7.85;11;3;2.97;1;0
IN;100;510;367-4277;0;0;0;247.8;117;42.13;130;95;11.05;134.3;125;6.04;6.9;2;1.86;1;0
MO;98;415;354-3237;0;0;0;221.2;80;37.6;213.6;104;18.16;291.8;89;13.13;11.9;3;3.21;4;0
FL;75;510;394-8504;0;1;26;118.5;86;20.15;213.9;118;18.18;132.6;99;5.97;13.4;3;3.62;2;0
DC;180;415;370-4139;0;1;33;231.8;78;39.41;232.9;79;19.8;206.9;121;9.31;7.6;4;2.05;1;0
VT;100;415;382-6135;0;1;25;215.9;90;36.7;257.9;92;21.92;180.2;157;8.11;11.6;4;3.13;1;0
OH;119;415;359-5718;0;1;35;217.1;92;36.91;220.8;134;18.77;249.5;93;11.23;8;5;2.16;2;0
MO;86;415;385-3111;0;0;0;83.5;96;14.2;221.1;63;18.79;349.7;75;15.74;12.6;3;3.4;0;0
LA;155;408;353-4880;0;1;39;183.3;106;31.16;205.1;101;17.43;263.7;90;11.87;5.1;7;1.38;1;0
IL;78;415;343-7019;1;0;0;236.8;141;40.26;265.3;101;22.55;152.4;77;6.86;9.5;2;2.57;1;1
NJ;153;415;419-6133;0;0;0;193.8;90;32.95;195.3;121;16.6;182.7;108;8.22;8.5;3;2.3;1;0
IA;92;510;350-7344;0;1;25;134;112;22.78;206;111;17.51;180.6;118;8.13;9.7;4;2.62;0;0
WA;13;510;397-6064;0;1;25;176.6;65;30.02;172.7;96;14.68;104.5;128;4.7;11.3;5;3.05;2;0
NE;154;415;363-6896;0;0;0;191.4;93;32.54;205.4;119;17.46;205.7;121;9.26;10.2;3;2.75;3;0
CT;144;510;416-9021;1;1;35;174.8;127;29.72;219.6;93;18.67;255.8;90;11.51;12.8;3;3.46;0;0
WV;48;408;408-3269;0;0;0;275.2;67;46.78;180.2;108;15.32;159;110;7.15;7.9;2;2.13;1;0
ND;94;408;408-9463;0;0;0;174;85;29.58;241.1;114;20.49;207.8;94;9.35;7.9;1;2.13;1;0
UT;139;415;340-7062;0;0;0;165;132;28.05;249.7;86;21.22;170.3;128;7.66;12.6;8;3.4;1;0
MS;126;415;417-4309;0;0;0;228.7;102;38.88;168.7;99;14.34;223.5;100;10.06;11.8;4;3.19;1;0
MN;122;415;421-2659;0;0;0;107.9;88;18.34;235.8;109;20.04;228.6;119;10.29;9.5;3;2.57;2;0
NH;139;510;383-2017;0;0;0;221.3;140;37.62;157.8;89;13.41;192.5;89;8.66;11.3;6;3.05;1;0
LA;95;415;411-6294;0;0;0;141.1;84;23.99;211.4;108;17.97;103.7;127;4.67;5.9;6;1.59;3;0
ME;80;408;332-9525;0;1;31;166.4;92;28.29;238.3;74;20.26;150.7;84;6.78;10.7;4;2.89;4;0
KS;131;415;401-5012;0;1;28;249.6;87;42.43;227.2;138;19.31;239.9;92;10.8;7.6;3;2.05;3;0
KS;36;510;368-8835;0;0;0;178.6;83;30.36;213.1;103;18.11;198;119;8.91;10.9;5;2.94;1;0
NV;180;510;351-1382;0;0;0;139;96;23.63;224.9;64;19.12;170.8;118;7.69;15.7;5;4.24;2;0
MT;25;415;359-7694;0;0;0;134.3;98;22.83;202.3;109;17.2;195.9;100;8.82;12.6;5;3.4;2;0
MT;113;415;419-5505;0;0;0;215.9;93;36.7;240.1;85;20.41;156.7;123;7.05;4.9;5;1.32;3;0
ID;88;415;341-4570;0;1;31;181.6;91;30.87;213.2;120;18.12;207.8;104;9.35;11.4;4;3.08;1;0
AK;120;415;366-6991;0;0;0;178.4;97;30.33;168.3;113;14.31;120.5;93;5.42;9.3;9;2.51;1;0
UT;74;415;377-7399;0;0;0;106.4;84;18.09;140.2;104;11.92;90.9;81;4.09;11.4;3;3.08;1;0
AR;109;510;377-9092;0;0;0;170.7;101;29.02;240.2;82;20.42;119;112;5.36;11.4;4;3.08;2;0
LA;162;510;373-6681;0;1;33;184.5;139;31.37;183.2;78;15.57;127.4;106;5.73;12.3;6;3.32;0;0
KS;124;510;417-7736;0;1;37;161.2;109;27.4;204.2;79;17.36;231.5;87;10.42;8.9;4;2.4;1;0
OR;177;408;393-2812;0;0;0;84.9;77;14.43;257.5;109;21.89;210.5;66;9.47;7.5;5;2.03;2;0
WI;91;510;398-3176;0;0;0;217.9;71;37.04;230.1;116;19.56;232.1;110;10.44;10.6;2;2.86;1;0
CO;105;408;334-8694;0;0;0;270.9;98;46.05;226.2;110;19.23;178.8;60;8.05;8.8;5;2.38;0;1
KS;24;510;369-5449;0;0;0;243;91;41.31;183.9;77;15.63;184.3;109;8.29;15.3;6;4.13;0;1
IL;48;510;380-5246;0;0;0;128.2;71;21.79;48.1;78;4.09;116.3;80;5.23;8.9;3;2.4;0;0
IA;86;408;390-3873;0;0;0;126.3;115;21.47;168.8;112;14.35;154.6;95;6.96;9.8;7;2.65;2;0
AZ;163;510;354-4568;0;0;0;178.7;56;30.38;215.7;79;18.33;152.7;84;6.87;10.6;2;2.86;4;0
NE;91;510;339-6968;0;0;0;159;109;27.03;255.1;142;21.68;82.4;73;3.71;10.1;4;2.73;0;0
ID;56;510;379-5933;0;0;0;150.9;79;25.65;161.8;87;13.75;167.7;115;7.55;11.7;5;3.16;3;0
OH;147;415;365-5682;1;1;24;219.9;118;37.38;208.5;116;17.72;352.5;111;15.86;8.1;4;2.19;3;0
TX;64;415;382-8518;0;0;0;168;116;28.56;192.4;94;16.35;166.5;98;7.49;10.1;3;2.73;2;0
TN;108;510;356-8449;0;1;34;162.1;83;27.56;171.8;117;14.6;259.8;76;11.69;9.6;3;2.59;4;1
OK;159;510;333-3460;0;0;0;198.8;107;33.8;195.5;91;16.62;213.3;120;9.6;16.5;7;4.46;5;0
ND;136;510;375-8596;1;0;0;256.8;90;43.66;230.1;104;19.56;143.6;82;6.46;9.1;10;2.46;3;0
MT;116;415;384-5907;0;1;35;182.8;122;31.08;212.7;119;18.08;193.8;103;8.72;11;2;2.97;1;0
NC;45;408;373-2903;0;1;38;196.8;92;33.46;254.2;108;21.61;261.8;85;11.78;7.7;2;2.08;1;0
MN;122;415;361-7702;0;0;0;140.1;120;23.82;231.4;128;19.67;188.1;127;8.46;11.2;5;3.02;2;0
MN;138;415;388-5850;0;0;0;194.3;83;33.03;189.9;97;16.14;232.2;102;10.45;9;3;2.43;5;0
MA;132;415;405-6298;0;0;0;117.6;66;19.99;214;108;18.19;239.5;94;10.78;8.8;5;2.38;1;0
PA;101;415;368-2074;1;0;0;193.7;108;32.93;186.6;98;15.86;223;100;10.04;11.6;8;3.13;0;0
GA;58;510;328-5050;0;0;0;243.1;105;41.33;231.4;108;19.67;180.9;120;8.14;7.8;4;2.11;2;0
NV;81;415;395-5783;0;0;0;145.4;132;24.72;129.3;91;10.99;186.4;109;8.39;5.2;4;1.4;1;0
TX;87;415;420-7301;0;0;0;169.1;105;28.75;169.9;102;14.44;244.9;106;11.02;9.9;10;2.67;3;0
ME;116;510;328-2478;0;0;0;229.3;93;38.98;184.5;111;15.68;168.2;91;7.57;8.8;3;2.38;2;0
RI;85;415;381-2460;1;0;0;197.2;97;33.52;211.7;115;17.99;210.1;133;9.45;8.3;4;2.24;4;0
MN;62;510;390-9811;0;1;33;186.4;84;31.69;201;136;17.09;286.7;103;12.9;11.1;3;3;2;1
NH;90;415;373-5670;0;0;0;76.1;121;12.94;290.3;73;24.68;236.9;89;10.66;10.8;3;2.92;0;0
TN;98;415;351-7016;0;0;0;162.8;65;27.68;185;109;15.73;219.5;104;9.88;6;3;1.62;2;0
UT;73;415;394-9934;0;0;0;182.3;115;30.99;199.2;97;16.93;120.2;113;5.41;18;5;4.86;1;0
RI;107;510;422-8268;1;0;0;194.4;83;33.05;247.8;84;21.06;245.4;93;11.04;11.2;7;3.02;2;0
NH;55;408;373-7690;0;1;20;189.3;95;32.18;118.6;113;10.08;250.2;102;11.26;12.5;4;3.38;2;0
AK;76;415;366-9781;0;1;22;160.1;107;27.22;168.7;136;14.34;23.2;102;1.04;9.5;4;2.57;3;0
NC;30;510;404-5427;0;0;0;145;76;24.65;240.7;112;20.46;197.1;134;8.87;7.1;4;1.92;3;0
AZ;157;415;389-9783;0;0;0;220.7;105;37.52;119.3;127;10.14;165.1;113;7.43;11.5;7;3.11;4;0
MA;40;408;351-7005;0;1;31;224.7;69;38.2;134.5;81;11.43;120.3;104;5.41;7.5;5;2.03;1;1
TN;72;408;348-2009;0;0;0;147;79;24.99;162.3;103;13.8;162.9;80;7.33;10.5;4;2.84;1;0
WY;95;415;340-4236;0;1;39;260.8;130;44.34;213.4;111;18.14;195.6;97;8.8;10.1;5;2.73;1;0
IA;42;415;348-1528;0;0;0;155.4;127;26.42;164.1;45;13.95;157.7;128;7.1;9;3;2.43;0;0
IN;86;415;365-5039;0;0;0;166.2;112;28.25;255.3;81;21.7;228.1;97;10.26;5.4;7;1.46;1;0
NJ;131;415;411-1810;0;0;0;211.8;115;36.01;260.5;102;22.14;144.2;96;6.49;10.8;7;2.92;0;0
FL;55;510;364-7644;0;1;45;130.5;114;22.19;208.4;94;17.71;141.6;114;6.37;11;5;2.97;4;1
MT;74;415;335-9066;0;0;0;162.7;102;27.66;292;105;24.82;183.3;80;8.25;8.7;6;2.35;0;0
ND;81;408;362-7581;1;1;37;237.1;76;40.31;264.2;125;22.46;271.3;120;12.21;7.9;3;2.13;1;0
MI;81;408;346-1095;0;0;0;166.2;102;28.25;217.6;112;18.5;220.2;68;9.91;13.2;2;3.56;4;0
MT;28;415;357-9136;0;0;0;121.7;48;20.69;125.8;112;10.69;261.6;122;11.77;8.3;2;2.24;6;1
AL;111;510;390-7863;0;0;0;176.4;62;29.99;201;124;17.09;150.4;138;6.77;11.2;2;3.02;0;0
NV;3;510;344-2416;0;1;27;67.4;116;11.46;244;78;20.74;281.1;93;12.65;11.4;2;3.08;2;0
MI;51;415;373-1448;0;0;0;229.7;129;39.05;336;104;28.56;192.8;128;8.68;9.6;1;2.59;1;1
FL;68;415;360-7076;0;1;24;176;118;29.92;277.9;116;23.62;174.7;71;7.86;14.7;7;3.97;1;0
NY;163;408;413-2241;0;0;0;247.7;77;42.11;269.5;108;22.91;167.3;82;7.53;9.6;7;2.59;0;1
KS;87;510;343-3961;0;0;0;115.4;90;19.62;262.6;68;22.32;245.7;69;11.06;13.1;5;3.54;2;0
NC;58;510;375-4107;0;0;0;112.2;95;19.07;209.6;108;17.82;260.9;78;11.74;13.9;1;3.75;0;1
MN;109;408;414-7410;0;0;0;162.6;138;27.64;154;109;13.09;209.7;118;9.44;11.5;4;3.11;0;0
RI;111;415;351-2535;0;0;0;229.4;107;39;214.1;99;18.2;289.6;95;13.03;10.4;6;2.81;4;0
UT;144;415;416-9615;0;0;0;139.6;96;23.73;124.2;93;10.56;95.6;75;4.3;15;4;4.05;2;0
OR;135;415;377-1293;0;0;0;263.8;66;44.85;251.3;116;21.36;200.1;112;9;8.4;2;2.27;5;1
SC;109;415;388-6479;0;1;46;217.5;123;36.98;233.7;84;19.86;163.9;99;7.38;9;3;2.43;4;0
IL;107;415;390-2755;0;1;14;114.3;132;19.43;199.8;91;16.98;194.7;74;8.76;7.5;8;2.03;1;0
OH;149;408;340-5930;0;0;0;196.3;108;33.37;136.8;96;11.63;154.7;87;6.96;7.7;3;2.08;2;0
MA;56;510;401-3622;0;0;0;253.2;95;43.04;188;116;15.98;142;133;6.39;4.4;4;1.19;1;0
OR;129;408;382-1104;0;0;0;98;99;16.66;240.7;62;20.46;254.8;123;11.47;10.5;4;2.84;0;0
CA;92;408;355-9324;0;0;0;249.4;118;42.4;211.5;95;17.98;169;116;7.61;9.1;3;2.46;0;0
WV;67;415;393-4843;0;1;30;129.6;107;22.03;233;104;19.81;297;93;13.37;14.5;5;3.92;1;0
VT;120;415;401-4052;0;0;0;221.3;106;37.62;267.6;98;22.75;111.5;80;5.02;9.3;7;2.51;0;0
ID;166;415;385-1830;0;0;0;220.7;106;37.52;177.8;118;15.11;206.1;102;9.27;12.4;9;3.35;1;0
OR;66;408;348-7409;0;0;0;87.6;76;14.89;262;111;22.27;184.6;125;8.31;9.2;5;2.48;1;0
GA;76;408;361-4910;0;0;0;203.6;61;34.61;161.7;127;13.74;175.9;97;7.92;8.4;3;2.27;0;0
ME;79;415;415-6578;0;0;0;213.6;110;36.31;234.9;121;19.97;229.6;157;10.33;8.8;3;2.38;2;0
HI;98;415;395-5015;0;1;31;181.6;112;30.87;220.7;100;18.76;236.3;121;10.63;12.9;4;3.48;2;0
AZ;141;510;369-6012;0;1;22;215.4;123;36.62;328.7;98;27.94;160.5;89;7.22;7.8;6;2.11;1;0
UT;49;415;394-4520;0;0;0;266.3;90;45.27;207.8;117;17.66;205;98;9.23;14;2;3.78;2;1
IA;46;510;380-5873;0;0;0;199.2;111;33.86;175.1;83;14.88;210.6;84;9.48;10.2;2;2.75;3;0
CT;137;415;372-5384;0;0;0;115;130;19.55;137.8;83;11.71;224;61;10.08;7.3;4;1.97;3;0
WA;171;408;419-1863;0;0;0;270.5;69;45.99;230;112;19.55;136;111;6.12;9.6;5;2.59;1;1
VA;10;415;352-5697;0;0;0;222.2;127;37.77;153.1;125;13.01;227.4;80;10.23;12.9;4;3.48;1;0
CO;88;510;373-4274;0;0;0;61.9;78;10.52;262.6;114;22.32;212.5;110;9.56;8.8;2;2.38;3;0
LA;89;415;382-4024;0;0;0;141.1;92;23.99;249.1;126;21.17;136;73;6.12;10.8;2;2.92;2;0
TX;82;415;395-9215;0;0;0;189.2;81;32.16;184.4;117;15.67;255.8;83;11.51;10.6;5;2.86;3;1
SD;139;510;331-9149;0;0;0;196;135;33.32;186;146;15.81;153;92;6.89;9.8;1;2.65;3;0
VA;87;415;347-3958;0;0;0;171.6;119;29.17;205;107;17.43;170.6;114;7.68;13.8;4;3.73;0;0
NY;137;415;389-2540;1;0;0;174;123;29.58;161.3;115;13.71;260.7;98;11.73;11.4;3;3.08;2;0
WA;45;510;399-3083;0;0;0;78.6;106;13.36;187.3;110;15.92;184.2;111;8.29;7.4;5;2;1;1
WI;90;415;420-8308;0;0;0;200.9;92;34.15;164.3;91;13.97;249;98;11.21;8.9;7;2.4;1;0
TN;103;415;384-7724;0;0;0;141.3;123;24.02;253.6;87;21.56;215.8;96;9.71;6.4;2;1.73;1;0
CT;100;415;389-2114;0;0;0;235.8;130;40.09;176;69;14.96;63.6;122;2.86;7.3;1;1.97;2;0
WA;110;510;335-4414;0;0;0;185.1;100;31.47;165.1;88;14.03;111.6;104;5.02;6.3;4;1.7;3;0
NH;124;415;370-5361;0;0;0;254.3;113;43.23;78.9;104;6.71;153.2;69;6.89;11.8;2;3.19;2;0
MT;10;510;374-5965;0;0;0;183;103;31.11;214.8;77;18.26;206.4;73;9.29;8.7;6;2.35;2;0
NE;89;415;420-6414;0;1;29;163.5;80;27.8;274.8;136;23.36;381.9;147;17.19;7.5;5;2.03;2;0
WA;121;408;392-2708;0;0;0;207.9;98;35.34;210.5;96;17.89;109.6;114;4.93;7.7;2;2.08;2;0
WI;101;415;352-7234;0;0;0;248.6;102;42.26;174.9;93;14.87;207.2;86;9.32;6.1;3;1.65;3;0
AR;103;415;337-9878;0;1;31;185.4;105;31.52;197.6;126;16.8;147.1;110;6.62;14.5;4;3.92;2;0
WI;51;408;350-7288;0;0;0;197.8;60;33.63;221;64;18.79;168.6;134;7.59;8.9;5;2.4;1;0
DE;2;415;415-8448;1;0;0;132.1;42;22.46;138.9;88;11.81;192.6;119;8.67;9.1;1;2.46;2;1
NH;111;510;392-6331;0;0;0;197.1;117;33.51;227.8;128;19.36;214;101;9.63;9.3;11;2.51;0;0
VA;118;415;392-3315;0;0;0;154.6;112;26.28;184.2;105;15.66;217.4;102;9.78;12.6;5;3.4;2;0
TN;17;510;382-5401;0;1;31;153.1;115;26.03;185.9;59;15.8;224.3;102;10.09;10;1;2.7;6;1
VA;130;408;389-7012;0;0;0;211.2;119;35.9;231.1;120;19.64;220.9;80;9.94;6.3;9;1.7;2;0
ID;193;415;411-4714;0;0;0;96.8;92;16.46;142.6;103;12.12;210.1;115;9.45;10.9;5;2.94;2;1
TN;114;510;343-3846;0;0;0;172;145;29.24;276.4;101;23.49;193.7;100;8.72;10.1;9;2.73;1;0
AZ;137;415;370-4395;0;0;0;141.1;91;23.99;147.2;100;12.51;254.7;75;11.46;8;7;2.16;2;0
MT;185;408;422-4394;0;1;29;151.1;121;25.69;244.7;88;20.8;154.4;91;6.95;13.8;2;3.73;2;0
OK;101;408;405-1780;0;0;0;209.6;107;35.63;228.8;96;19.45;172.4;85;7.76;7.6;2;2.05;3;0
ID;95;415;393-2220;0;1;32;247;109;41.99;125.6;91;10.68;226.5;90;10.19;10.5;4;2.84;3;0
NV;7;408;355-8299;0;1;30;221.4;114;37.64;165.8;116;14.09;247;105;11.12;10.8;12;2.92;1;0
KS;126;408;379-8681;0;0;0;321.3;99;54.62;167.9;93;14.27;193.6;106;8.71;8;4;2.16;1;1
WY;71;415;409-7034;0;0;0;243.7;124;41.43;60;90;5.1;189;129;8.5;11.3;2;3.05;0;0
MS;124;415;358-1922;0;0;0;251.5;85;42.76;214.2;98;18.21;186.1;71;8.37;11.1;6;3;3;0
WY;97;510;346-1629;1;0;0;236.9;107;40.27;157.6;105;13.4;241;120;10.85;7.3;2;1.97;0;1
TX;28;415;347-1870;0;0;0;159.7;79;27.15;216.7;131;18.42;206.7;116;9.3;9.3;3;2.51;2;0
WA;90;415;374-9576;1;0;0;148.2;96;25.19;220.4;111;18.73;134.2;97;6.04;9.2;1;2.48;4;1
HI;190;408;380-1096;0;0;0;150.9;86;25.65;268.6;129;22.83;179.9;73;8.1;14.7;1;3.97;1;0
IL;31;415;396-5790;0;1;28;210.5;101;35.79;250.5;86;21.29;241.6;125;10.87;11.5;2;3.11;1;0
AK;52;415;356-5244;0;1;24;170.9;71;29.05;201.4;80;17.12;159;124;7.15;4.1;5;1.11;2;0
MD;73;510;341-1412;0;0;0;254.7;80;43.3;90.2;79;7.67;153.4;60;6.9;10.6;8;2.86;0;0
MA;111;415;387-7371;0;0;0;284.4;89;48.35;157;113;13.35;242.8;91;10.93;8.4;8;2.27;0;1
SD;98;415;392-2555;0;0;0;0;0;0;159.6;130;13.57;167.1;88;7.52;6.8;1;1.84;4;1
PA;106;408;403-9167;1;0;0;133.7;45;22.73;187.8;107;15.96;181.9;89;8.19;10.7;2;2.89;1;1
NC;111;408;338-6550;0;0;0;224.9;117;38.23;191.9;127;16.31;229.9;97;10.35;10.3;3;2.78;0;0
VT;59;408;357-5801;0;0;0;151.8;98;25.81;209.9;92;17.84;266.9;86;12.01;11.9;5;3.21;1;0
KY;71;510;403-1953;0;1;22;141.4;107;24.04;163;105;13.86;220;99;9.9;5.6;3;1.51;2;0
WA;55;408;357-6039;0;0;0;285.7;124;48.57;230.9;106;19.63;230.7;140;10.38;14.8;7;4;0;1
LA;13;415;388-9653;0;0;0;58.4;121;9.93;262.2;64;22.29;159;115;7.15;11.9;5;3.21;1;0
WA;136;415;359-2915;0;1;16;90.4;105;15.37;201.3;109;17.11;227.1;115;10.22;13.1;4;3.54;0;0
ME;123;408;381-4562;0;0;0;114.4;91;19.45;216.6;123;18.41;250.6;102;11.28;11;3;2.97;0;0
WI;105;408;406-2213;0;0;0;147.7;103;25.11;222.7;78;18.93;163.5;102;7.36;12.8;3;3.46;2;0
TX;50;408;330-6436;0;1;31;302.7;93;51.46;240.5;119;20.44;193.9;103;8.73;13.6;14;3.67;3;0
IA;118;415;332-4289;0;0;0;136.1;120;23.14;204.2;103;17.36;228.2;90;10.27;11.3;4;3.05;1;0
AZ;97;408;386-3596;0;0;0;169.7;84;28.85;165.9;86;14.1;191.9;83;8.64;12.8;6;3.46;3;0
ND;51;510;337-3740;0;0;0;227.2;89;38.62;194.4;106;16.52;243.4;126;10.95;14.9;2;4.02;0;0
VT;73;415;414-1496;0;0;0;217.8;91;37.03;220.6;97;18.75;277.3;89;12.48;10.3;6;2.78;1;1
HI;35;415;349-7291;0;0;0;124.2;102;21.11;123.9;115;10.53;135.7;100;6.11;13.1;8;3.54;2;0
WY;64;415;385-1985;0;0;0;206.2;76;35.05;232.4;76;19.75;251.6;96;11.32;13.6;2;3.67;1;0
WV;63;510;329-7102;0;0;0;132.9;122;22.59;67;62;5.7;160.4;121;7.22;9.9;2;2.67;3;0
OK;117;415;394-2553;0;1;31;104.9;115;17.83;237.6;125;20.2;263.4;104;11.85;7.7;6;2.08;3;0
CT;115;415;339-1330;0;0;0;245;97;41.65;250.7;75;21.31;270.2;124;12.16;13.7;8;3.7;1;1
UT;162;408;398-1959;0;0;0;184.5;118;31.37;224;95;19.04;180.5;82;8.12;11.6;3;3.13;1;0
NY;89;415;408-7015;0;0;0;89.5;66;15.22;179.3;104;15.24;225.1;116;10.13;12.3;1;3.32;3;0
VA;94;415;384-9254;1;0;0;235.6;131;40.05;194.8;107;16.56;170.6;93;7.68;8.6;4;2.32;1;0
VT;129;408;355-9475;0;0;0;186;127;31.62;262.3;96;22.3;98.9;63;4.45;11.5;6;3.11;4;0
SD;86;415;334-1337;0;0;0;223.9;75;38.06;155.7;109;13.23;150.2;143;6.76;7.3;9;1.97;1;0
PA;96;510;359-1441;0;0;0;179.5;125;30.52;162.3;139;13.8;264.5;133;11.9;6.6;2;1.78;1;0
ND;190;415;391-5442;0;0;0;169.4;102;28.8;253.5;113;21.55;197.1;93;8.87;8.9;5;2.4;1;0
CT;80;408;374-1551;0;0;0;118.1;90;20.08;144.3;77;12.27;225.1;86;10.13;8.2;6;2.21;1;0
SC;108;415;399-6233;0;0;0;112;105;19.04;193.7;110;16.46;208.9;93;9.4;4.1;4;1.11;4;1
MI;97;408;337-4749;0;1;32;168.4;129;28.63;225.9;97;19.2;191.8;95;8.63;8.5;7;2.3;0;0
VT;84;415;403-5552;0;1;42;214.3;112;36.43;188.2;107;16;333.5;117;15.01;11.3;10;3.05;0;0
OH;65;415;405-3097;0;0;0;245.7;139;41.77;241.9;113;20.56;285.3;117;12.84;4.2;5;1.13;4;1
VT;131;415;364-9240;0;1;34;156.6;134;26.62;71;95;6.04;261.7;120;11.78;13.4;10;3.62;1;0
IL;58;415;404-9348;1;1;43;142.8;96;24.28;272.3;100;23.15;193.4;105;8.7;8.9;4;2.4;1;0
MO;36;415;336-1462;0;0;0;202.4;115;34.41;230.7;115;19.61;202;127;9.09;10.2;2;2.75;3;0
WI;54;415;364-8981;0;0;0;116.8;119;19.86;123.1;123;10.46;217.5;101;9.79;12;2;3.24;1;0
NJ;45;510;412-7606;0;0;0;155.7;110;26.47;260.3;103;22.13;192.2;98;8.65;11;1;2.97;1;0
GA;125;415;380-6342;0;1;39;236.1;107;40.14;289.2;110;24.58;175.4;107;7.89;9.1;4;2.46;2;0
VT;72;415;418-3017;0;1;21;138.1;113;23.48;260.1;83;22.11;135.4;118;6.09;8.2;2;2.21;2;0
CT;141;408;367-3648;0;0;0;51.9;108;8.82;162;83;13.77;223.5;115;10.06;10.1;3;2.73;3;0
AZ;113;510;341-5892;0;0;0;81.3;116;13.82;220.6;124;18.75;235.7;113;10.61;8.9;3;2.4;0;0
SD;20;415;334-4678;0;1;35;171.5;98;29.16;153.1;127;13.01;165.6;125;7.45;7.1;3;1.92;0;0
CT;212;415;366-6751;0;0;0;126;96;21.42;144.3;80;12.27;302.8;102;13.63;7.6;3;2.05;1;0
IN;99;415;397-8512;1;0;0;197.2;127;33.52;156;92;13.26;204.1;99;9.18;9.9;6;2.67;4;0
OH;94;510;367-9495;0;0;0;194.1;62;33;227.2;54;19.31;190.4;115;8.57;15.3;4;4.13;1;0
NY;40;510;379-2991;0;0;0;115.7;105;19.67;127.8;113;10.86;107.5;91;4.84;9.3;6;2.51;1;0
NE;86;510;356-4832;0;1;29;157.2;118;26.72;196.3;136;16.69;226.7;109;10.2;8.4;5;2.27;3;0
OK;101;415;413-4040;0;0;0;269.7;85;45.85;207.6;86;17.65;214.2;107;9.64;4.5;15;1.22;3;1
NC;170;415;366-4444;0;0;0;246.4;107;41.89;228.1;124;19.39;166.4;95;7.49;9.1;8;2.46;0;0
HI;105;510;394-3806;0;0;0;227.4;121;38.66;268.5;89;22.82;143.3;82;6.45;13;4;3.51;1;0
UT;103;415;368-5647;0;0;0;189.8;110;32.27;115.5;83;9.82;191.3;103;8.61;12.2;4;3.29;0;0
MD;140;415;412-1076;1;1;27;188.9;124;32.11;160.9;102;13.68;197.7;100;8.9;11.5;5;3.11;4;0
VT;101;510;413-7655;0;0;0;0;0;0;192.1;119;16.33;168.8;95;7.6;7.2;4;1.94;1;0
TX;98;408;371-2316;0;1;19;110.5;87;18.79;227.8;97;19.36;243.6;84;10.96;11;4;2.97;1;0
AZ;104;408;420-3346;0;0;0;167.6;116;28.49;219.2;112;18.63;215.9;94;9.72;11.7;2;3.16;4;0
VA;115;415;367-3971;0;0;0;132;90;22.44;197.5;75;16.79;175.8;114;7.91;0;0;0;3;0
WI;112;408;417-5813;0;0;0;167.8;88;28.53;247.9;81;21.07;155.1;108;6.98;11.9;4;3.21;0;0
NE;70;415;421-8535;0;0;0;213.4;86;36.28;204.7;77;17.4;256.6;101;11.55;5.7;4;1.54;1;0
KY;126;510;375-1721;0;0;0;175.4;120;29.82;98.3;71;8.36;201.9;93;9.09;10.6;1;2.86;0;0
NV;87;510;331-8484;0;1;39;82.6;113;14.04;224.4;63;19.07;163.6;88;7.36;9.5;1;2.57;3;0
MT;125;510;366-5829;0;0;0;143.2;80;24.34;88.1;94;7.49;233.2;135;10.49;8.8;7;2.38;4;1
MO;86;415;367-7906;0;0;0;125.5;139;21.34;269.8;93;22.93;235.8;110;10.61;8.9;8;2.4;1;0
MS;73;415;412-2520;0;1;31;82.3;105;13.99;256.1;91;21.77;229.6;98;10.33;11.8;2;3.19;6;1
NM;232;408;386-9177;0;0;0;165.6;104;28.15;195.9;115;16.65;118.3;77;5.32;11.8;3;3.19;1;0
NJ;1;415;420-6780;0;1;30;183.1;95;31.13;232.6;110;19.77;248.3;110;11.17;8.4;2;2.27;0;0
NH;133;408;401-1454;0;0;0;162.1;91;27.56;212.1;94;18.03;260.4;78;11.72;12.2;5;3.29;1;0
NC;103;510;379-2508;0;0;0;166.6;84;28.32;192.4;91;16.35;167.9;115;7.56;7.7;6;2.08;1;0
MT;131;415;353-3492;0;1;24;135.9;60;23.1;233.2;78;19.82;210.6;121;9.48;9.4;4;2.54;1;0
SD;95;408;406-4840;0;1;20;165.7;78;28.17;215.6;94;18.33;243.3;91;10.95;9.8;6;2.65;0;0
VA;182;415;391-7982;0;0;0;176.1;90;29.94;174.9;106;14.87;234.7;134;10.56;9.7;4;2.62;1;0
LA;99;510;379-9821;0;0;0;142.3;89;24.19;204.5;95;17.38;203.1;114;9.14;9.1;1;2.46;0;0
NV;27;510;398-7414;0;0;0;177.6;121;30.19;296.8;92;25.23;192.9;106;8.68;7.6;3;2.05;3;0
AK;141;408;338-8566;0;0;0;83.2;74;14.14;190.6;104;16.2;150.5;79;6.77;10.7;7;2.89;1;0
OH;29;415;397-3058;1;1;37;235;101;39.95;183.3;79;15.58;139.8;106;6.29;5.7;7;1.54;2;0
NM;65;415;389-8096;0;0;0;105.7;95;17.97;141.8;100;12.05;180.5;105;8.12;6.6;12;1.78;2;0
MI;81;415;393-6840;1;0;0;149.4;68;25.4;171.9;98;14.61;214.5;97;9.65;17.9;3;4.83;3;1
MN;37;415;360-7404;0;1;20;264.7;81;45;216.5;110;18.4;210.7;102;9.48;10.4;7;2.81;0;0
WY;107;510;411-5740;0;1;31;160.3;45;27.25;221.5;70;18.83;261.6;109;11.77;5.6;1;1.51;1;0
WY;127;415;412-3726;1;1;28;95.9;117;16.3;159.5;131;13.56;152.8;132;6.88;10.4;3;2.81;1;0
WA;78;408;372-7326;0;0;0;140.7;77;23.92;195.2;114;16.59;252.9;107;11.38;11.7;5;3.16;0;0
NM;55;510;338-9873;0;0;0;119.7;148;20.35;231.8;96;19.7;222.3;113;10;4.6;2;1.24;2;0
VA;86;415;383-4322;0;1;30;99.9;84;16.98;263.5;125;22.4;254.7;90;11.46;9.8;7;2.65;2;0
RI;176;415;401-7654;0;0;0;250.9;108;42.65;171.4;100;14.57;148.6;85;6.69;9.6;6;2.59;2;0
AL;96;415;410-5455;1;0;0;200.6;117;34.1;289.5;120;24.61;98.3;95;4.42;11.2;5;3.02;2;0
WV;11;510;419-4310;0;1;38;209.8;130;35.67;196.6;84;16.71;233;79;10.49;7;7;1.89;1;0
WV;48;415;367-2056;0;1;34;198;70;33.66;273.7;121;23.26;217.9;71;9.81;7.6;4;2.05;1;0
NJ;127;510;363-6695;0;0;0;239.8;107;40.77;128.9;121;10.96;249.9;110;11.25;11.3;5;3.05;1;0
TN;63;415;374-6217;0;0;0;164.5;75;27.97;147.9;118;12.57;252.7;97;11.37;11.2;2;3.02;0;0
MI;79;510;337-9569;0;0;0;220.9;107;37.55;192.2;97;16.34;161;74;7.25;12.2;2;3.29;1;0
UT;47;408;350-9720;0;1;37;112.8;150;19.18;243.9;97;20.73;178.7;112;8.04;13.2;6;3.56;2;0
IL;89;415;380-4080;1;1;19;112.6;114;19.14;261.7;132;22.24;123.5;116;5.56;11.1;2;3;0;1
MI;83;510;333-7460;0;1;26;226.4;117;38.49;234.7;97;19.95;133.6;82;6.01;10.8;7;2.92;1;0
WI;126;415;378-3722;1;1;34;244.9;118;41.63;219.6;105;18.67;210.8;136;9.49;9.7;6;2.62;4;0
ND;60;510;353-9339;0;0;0;203.2;99;34.54;235.8;131;20.04;224.9;112;10.12;15.1;6;4.08;2;0
VT;122;415;386-6535;0;0;0;136.7;115;23.24;243.1;137;20.66;188.9;110;8.5;8.6;4;2.32;0;0
WA;136;408;403-5575;0;0;0;152.6;97;25.94;208.9;85;17.76;119.1;99;5.36;5;10;1.35;1;0
NC;172;408;331-5962;0;1;47;274.9;102;46.73;186.6;118;15.86;245;123;11.03;8.8;2;2.38;1;0
ME;102;510;390-9627;0;0;0;195.7;116;33.27;209.1;87;17.77;201.1;73;9.05;8.3;3;2.24;1;1
SD;113;415;406-4560;1;0;0;204.3;82;34.73;188.8;115;16.05;139.4;97;6.27;9.2;7;2.48;1;0
WV;79;415;359-6931;0;0;0;222.3;99;37.79;146.2;82;12.43;275.6;82;12.4;8.9;4;2.4;3;0
ID;55;510;331-7342;0;1;8;222.5;104;37.83;171.5;94;14.58;377.5;114;16.99;9.7;2;2.62;1;0
LA;111;415;367-2227;0;1;28;128.8;104;21.9;157.3;52;13.37;147.4;76;6.63;10.3;2;2.78;2;0
GA;160;415;335-8836;0;0;0;174.3;105;29.63;171.3;107;14.56;220.8;131;9.94;8.3;2;2.24;0;0
FL;110;415;398-6703;0;0;0;242.5;110;41.23;162.3;140;13.8;184.1;86;8.28;7.8;3;2.11;4;0
CO;192;415;370-8379;0;0;0;221.6;101;37.67;285.2;50;24.24;167.4;83;7.53;12.7;6;3.43;4;0
NV;93;408;335-3880;0;0;0;114.3;100;19.43;221.1;103;18.79;126.3;88;5.68;10.9;9;2.94;0;0
IN;101;415;375-8761;0;1;33;219.7;137;37.35;186.8;94;15.88;184.5;113;8.3;9.5;2;2.57;2;0
VA;77;510;367-1398;0;0;0;144.9;136;24.63;151.3;115;12.86;252.4;73;11.36;12.3;3;3.32;2;0
UT;105;415;395-7857;0;1;40;236.5;111;40.21;117;110;9.95;221.1;115;9.95;8.1;3;2.19;2;0
UT;133;408;398-8745;0;1;44;174;80;29.58;209.4;113;17.8;224.1;87;10.08;14.1;7;3.81;2;1
MO;131;408;386-3717;0;0;0;109.5;95;18.62;332.1;48;28.23;258.6;108;11.64;6.6;7;1.78;1;0
CT;106;510;330-1175;0;1;33;81.6;120;13.87;235.6;85;20.03;150.9;113;6.79;9.9;4;2.67;1;0
HI;118;415;418-6752;0;0;0;133.4;113;22.68;121;92;10.29;254.7;129;11.46;5.9;4;1.59;1;0
MD;125;408;349-6464;0;0;0;137.1;94;23.31;209.8;83;17.83;238.4;114;10.73;8.6;4;2.32;1;0
VA;95;415;366-7331;0;0;0;197;88;33.49;190.4;68;16.18;211.9;104;9.54;16.1;8;4.35;0;0
MT;80;415;361-8288;0;0;0;198.1;160;33.68;156.7;87;13.32;182.1;76;8.19;9.3;3;2.51;3;0
SC;145;408;377-6635;0;0;0;39.5;78;6.72;264.3;106;22.47;185.8;90;8.36;10;6;2.7;0;0
CO;37;408;408-1513;0;0;0;199.5;107;33.92;207.5;110;17.64;83.9;123;3.78;8.1;4;2.19;2;0
ID;87;415;370-7546;0;0;0;156.8;93;26.66;215.8;68;18.34;223.3;77;10.05;7.6;6;2.05;1;0
AL;69;415;389-4278;0;0;0;183.4;85;31.18;237.6;100;20.2;228;94;10.26;9;5;2.43;3;0
CO;83;510;379-3012;0;0;0;132.4;120;22.51;121.6;101;10.34;197.7;84;8.9;8.6;2;2.32;1;0
UT;195;415;355-3620;0;0;0;63.2;108;10.74;220.2;88;18.72;184;99;8.28;5.1;3;1.38;0;0
DE;67;415;413-7743;1;1;35;181.1;59;30.79;215.9;116;18.35;216.3;106;9.73;16.9;4;4.56;0;1
OH;75;510;372-2296;0;1;27;117.5;102;19.98;206.8;127;17.58;194.4;114;8.75;4.2;7;1.13;3;0
RI;123;415;333-9728;0;1;27;218.7;79;37.18;163.4;78;13.89;173.8;116;7.82;15;1;4.05;0;0
FL;41;415;415-6110;0;1;41;207.3;95;35.24;137.3;120;11.67;115.7;74;5.21;5.9;3;1.59;1;0
OH;75;415;340-9803;0;0;0;150.6;99;25.6;301.5;83;25.63;158.7;104;7.14;8.1;5;2.19;0;0
MD;76;415;400-7002;1;0;0;273.3;66;46.46;263.6;121;22.41;165.2;84;7.43;12;7;3.24;1;1
IL;86;415;395-7435;1;0;0;266.1;120;45.24;182;92;15.47;206.5;103;9.29;10.3;4;2.78;1;0
PA;140;408;336-7143;0;0;0;112.8;89;19.18;156.7;65;13.32;249.6;85;11.23;16.3;6;4.4;0;0
AZ;70;415;352-2175;0;0;0;104.7;112;17.8;82.2;104;6.99;169.4;110;7.62;15.8;7;4.27;3;0
NH;121;510;346-6352;0;1;35;193.8;62;32.95;197.6;97;16.8;218.8;95;9.85;5.9;4;1.59;0;0
RI;112;415;405-7467;0;0;0;168.6;102;28.66;298;117;25.33;194.7;110;8.76;9.8;5;2.65;1;0
HI;118;415;379-8526;0;0;0;253.2;122;43.04;201;78;17.09;195.3;108;8.79;9.7;7;2.62;2;0
NJ;66;415;410-5713;0;1;16;174.7;92;29.7;232.1;105;19.73;305.4;98;13.74;8.9;2;2.4;1;0
WI;78;408;408-5916;0;0;0;87;102;14.79;193.6;64;16.46;205.8;120;9.26;11;5;2.97;0;0
MD;129;415;370-5626;0;1;34;204.5;79;34.77;132.8;113;11.29;190.1;117;8.55;14.8;9;4;2;0
OR;6;408;408-1331;0;0;0;226.5;93;38.51;152.1;122;12.93;164.4;98;7.4;9.4;4;2.54;3;0
NV;107;510;419-9688;1;0;0;234.1;91;39.8;163.1;105;13.86;282.5;100;12.71;10;3;2.7;1;0
AR;107;415;343-5219;1;0;0;133.3;106;22.66;182.9;89;15.55;241.1;123;10.85;12.9;2;3.48;3;1
MT;138;415;401-5586;0;0;0;133.9;87;22.76;166.4;110;14.14;193.5;139;8.71;15.4;3;4.16;1;0
CT;103;510;377-9178;0;0;0;160.2;104;27.23;138.9;70;11.81;312.5;97;14.06;9.7;2;2.62;0;0
UT;116;415;345-5639;0;1;44;230.6;94;39.2;224.1;103;19.05;244;76;10.98;11.1;2;3;0;0
GA;189;408;336-3488;0;0;0;227.4;84;38.66;176;81;14.96;206.1;120;9.27;6.3;4;1.7;2;0
NV;161;415;414-6426;0;0;0;72.8;120;12.38;267.1;120;22.7;222.5;91;10.01;11.8;2;3.19;2;0
TN;1;415;335-5591;0;0;0;196.1;107;33.34;296.5;82;25.2;211.5;91;9.52;7;2;1.89;1;0
DE;89;408;421-9144;0;0;0;197.1;110;33.51;165.9;115;14.1;227.3;106;10.23;12.8;3;3.46;1;0
NY;64;408;422-7728;0;0;0;219.6;126;37.33;303.3;100;25.78;154.5;65;6.95;9.7;5;2.62;1;0
MT;126;415;344-3466;0;1;30;153.4;90;26.08;151.4;97;12.87;153.8;97;6.92;12.8;4;3.46;4;1
IA;129;415;398-7978;0;0;0;216;85;36.72;186.9;114;15.89;210.7;109;9.48;4.9;10;1.32;2;0
VT;128;510;346-8368;0;1;32;222.9;136;37.89;262;80;22.27;191.4;101;8.61;10.8;4;2.92;0;0
LA;81;415;392-2722;0;1;36;115.9;120;19.7;236.6;95;20.11;255;90;11.48;11.7;6;3.16;3;0
MT;114;510;393-3274;0;0;0;189.8;101;32.27;147.7;80;12.55;172.7;121;7.77;10.6;5;2.86;1;0
NH;50;408;339-4636;0;0;0;154.7;102;26.3;298;108;25.33;210.2;95;9.46;11.1;3;3;0;0
WV;86;415;349-7138;0;0;0;136.4;104;23.19;202.5;110;17.21;230.7;86;10.38;11.5;1;3.11;3;0
ID;96;408;363-3295;0;0;0;170.5;86;28.99;277.5;88;23.59;162.5;117;7.31;12.2;6;3.29;1;0
AZ;72;510;407-9830;0;0;0;272.4;88;46.31;107.9;125;9.17;185.5;81;8.35;12.7;2;3.43;0;0
SC;64;510;333-8822;0;1;40;210;116;35.7;232.7;89;19.78;168.8;94;7.6;5.9;4;1.59;8;0
WV;57;415;419-6418;1;1;17;236.5;94;40.21;163.1;94;13.86;236.7;117;10.65;12.2;3;3.29;2;0
OH;65;510;351-8955;0;0;0;153.9;117;26.16;220.1;122;18.71;280.5;147;12.62;8.5;3;2.3;2;0
MD;163;408;338-1840;0;0;0;223;120;37.91;227;98;19.3;188.3;125;8.47;8.8;5;2.38;1;0
MD;136;415;336-6997;0;0;0;252.4;74;42.91;167.9;81;14.27;248.3;110;11.17;10.7;3;2.89;2;0
MN;116;408;408-6266;0;0;0;197.9;84;33.64;168.1;113;14.29;239.8;145;10.79;12;6;3.24;1;0
NE;93;408;332-4291;0;0;0;152.4;74;25.91;274.6;88;23.34;252.2;120;11.35;6.6;5;1.78;3;0
MN;142;510;355-7895;0;1;40;237.4;105;40.36;175.9;93;14.95;210.3;110;9.46;9.2;3;2.48;3;0
NY;92;408;348-2916;0;0;0;265.6;82;45.15;180.7;75;15.36;211.1;113;9.5;8.6;2;2.32;1;0
HI;70;415;339-8132;0;0;0;197.3;91;33.54;305.8;81;25.99;171;105;7.69;6.7;6;1.81;1;0
MO;22;408;374-1684;0;1;14;199.1;100;33.85;221.8;103;18.85;65.7;91;2.96;4.2;1;1.13;1;0
NV;37;415;362-7604;0;0;0;233.7;114;39.73;207.9;109;17.67;212.7;101;9.57;12;2;3.24;2;0
MA;51;415;389-3206;0;0;0;183.1;99;31.13;160.1;107;13.61;311.8;121;14.03;7;3;1.89;1;0
NH;174;408;336-2829;0;0;0;139.4;96;23.7;143.4;108;12.19;225.2;107;10.13;10;5;2.7;2;0
UT;68;415;403-8916;0;0;0;213.9;112;36.36;260.5;100;22.14;233.8;97;10.52;8.4;3;2.27;1;1
FL;130;415;384-1135;0;0;0;207.1;70;35.21;200.1;115;17.01;194.2;100;8.74;12.4;2;3.35;1;0
WA;104;415;390-2320;0;0;0;139.7;78;23.75;202.6;119;17.22;203.6;102;9.16;11.3;5;3.05;2;0
CT;134;408;398-8578;0;0;0;177.2;91;30.12;228.7;105;19.44;194.3;113;8.74;8.9;3;2.4;2;0
KY;108;415;393-9424;0;1;35;169.8;136;28.87;173.7;101;14.76;214.6;105;9.66;9.5;7;2.57;2;0
NM;103;415;417-6330;0;0;0;173.5;83;29.5;244.3;65;20.77;221.6;66;9.97;9.7;2;2.62;3;0
ND;62;510;340-6339;0;0;0;159.9;100;27.18;172.2;99;14.64;263.2;109;11.84;5.6;4;1.51;1;0
NV;162;415;380-6571;0;0;0;115.1;89;19.57;196.8;111;16.73;212.4;98;9.56;11.4;3;3.08;2;0
CA;93;510;368-6488;0;1;19;136.8;113;23.26;179.5;105;15.26;71.1;95;3.2;12.5;3;3.38;2;0
ID;42;415;363-2193;0;0;0;92.2;108;15.67;211.2;120;17.95;129.1;73;5.81;13.1;6;3.54;1;0
OK;155;415;328-1206;0;1;23;243.9;112;41.46;133;106;11.31;213.7;123;9.62;13.4;11;3.62;2;0
IA;36;510;385-3540;0;0;0;117.1;94;19.91;235.4;117;20.01;221.3;108;9.96;9;2;2.43;0;0
OH;143;415;337-7167;0;0;0;223.3;99;37.96;167.1;128;14.2;203;84;9.14;4.5;4;1.22;0;1
NJ;197;510;372-8405;0;0;0;154.8;111;26.32;171.5;102;14.58;227.3;86;10.23;10.6;2;2.86;3;0
IA;81;510;377-1273;0;0;0;261.4;141;44.44;215.7;102;18.33;271.8;96;12.23;8;6;2.16;1;1
DE;138;510;380-7816;1;0;0;46.5;104;7.91;186;114;15.81;167.5;95;7.54;9.6;4;2.59;4;1
CA;103;415;402-6744;0;1;18;149.9;84;25.48;170.9;84;14.53;171.5;112;7.72;11.5;7;3.11;0;1
WY;127;510;400-2181;1;0;0;242.2;102;41.17;226.1;80;19.22;252;96;11.34;13.9;5;3.75;2;1
OR;136;510;366-1613;0;0;0;259.4;99;44.1;172.7;125;14.68;293.7;78;13.22;10.7;6;2.89;1;1
ME;99;415;347-8205;0;0;0;222.4;102;37.81;185.8;89;15.79;237.7;81;10.7;12;8;3.24;2;0
AR;95;415;328-2982;0;0;0;69.4;79;11.8;190.8;109;16.22;219.9;102;9.9;8.9;5;2.4;0;0
ME;118;408;384-8723;1;1;21;156.5;122;26.61;209.2;125;17.78;158.7;81;7.14;11.1;3;3;4;1
WV;113;415;341-7686;0;0;0;61.2;111;10.4;92.3;88;7.85;197.4;114;8.88;13.7;3;3.7;5;1
PA;128;408;353-6038;1;0;0;245.2;112;41.68;101.5;101;8.63;152.3;116;6.85;10.7;5;2.89;0;0
HI;117;408;416-8827;0;0;0;102.3;100;17.39;135.2;104;11.49;199.7;93;8.99;15.7;10;4.24;3;0
MT;48;415;418-8450;0;1;36;230.9;92;39.25;167.6;121;14.25;270;87;12.15;7.6;4;2.05;3;0
DC;81;510;385-7861;1;0;0;227.4;105;38.66;211.5;120;17.98;258.2;113;11.62;11.9;3;3.21;0;0
AR;57;510;393-3507;0;0;0;192.8;68;32.78;158;86;13.43;235.5;105;10.6;12.7;6;3.43;1;0
MS;140;408;372-5262;0;0;0;162.6;98;27.64;206.2;109;17.53;141.6;66;6.37;8.2;2;2.21;1;0
OH;107;510;411-3095;0;1;38;219.4;92;37.3;180.5;73;15.34;104.1;91;4.68;11;1;2.97;2;0
MO;56;415;331-5919;0;0;0;137.2;111;23.32;165.9;119;14.1;182.3;72;8.2;14.3;4;3.86;1;0
TX;159;415;402-1556;0;0;0;87.7;103;14.91;278.2;97;23.65;170.6;93;7.68;10.5;10;2.84;1;0
MD;102;415;349-7362;0;0;0;271.1;80;46.09;172;133;14.62;169.2;105;7.61;10.3;5;2.78;1;0
CT;107;408;339-2734;0;0;0;103.4;94;17.58;189.3;125;16.09;227.2;125;10.22;14.4;3;3.89;1;0
SC;106;408;330-4914;0;0;0;52.2;106;8.87;220.1;113;18.71;112.3;95;5.05;11.4;2;3.08;2;0
MI;225;415;371-2500;0;0;0;165.4;106;28.12;273.7;109;23.26;210;93;9.45;8.7;3;2.35;0;1
SD;75;408;335-3681;0;0;0;147.5;110;25.08;191.7;97;16.29;135;68;6.08;16.4;3;4.43;2;0
CO;86;415;405-1132;0;0;0;217.8;93;37.03;214.7;95;18.25;228.7;70;10.29;11.3;7;3.05;0;0
ID;169;415;399-9239;0;0;0;235.7;79;40.07;136.9;85;11.64;220.9;97;9.94;13.3;10;3.59;1;0
AZ;122;510;350-7227;0;1;22;204.5;92;34.77;139.6;121;11.87;205;103;9.23;8.6;5;2.32;2;0
FL;106;408;384-6654;0;0;0;178.4;143;30.33;247;123;21;259.9;105;11.7;9.6;2;2.59;0;0
MN;52;415;376-4271;0;1;32;130.1;68;22.12;247.2;77;21.01;289.4;87;13.02;13.5;5;3.65;2;0
DE;79;415;391-8124;0;1;34;103.7;100;17.63;236.3;78;20.09;256.6;102;11.55;14.8;4;4;2;0
MI;135;415;393-2524;0;0;0;239.9;91;40.78;177.1;104;15.05;217.2;118;9.77;5.9;3;1.59;2;0
MS;70;408;384-4385;0;0;0;148.4;110;25.23;267.1;90;22.7;151.5;101;6.82;8.9;4;2.4;0;0
MA;80;408;377-8266;0;0;0;148.6;106;25.26;210.8;65;17.92;203.7;86;9.17;10;2;2.7;2;0
CA;37;415;345-1243;0;0;0;191.1;69;32.49;129.2;113;10.98;207.5;117;9.34;12.9;1;3.48;0;0
MN;161;415;394-8086;0;1;39;218.5;76;37.15;112.7;94;9.58;205.1;121;9.23;7.3;4;1.97;1;0
VT;137;510;348-9145;0;0;0;97.5;95;16.58;195.8;82;16.64;288.8;78;13;0;0;0;1;0
CT;123;415;376-5201;0;0;0;128.7;126;21.88;117.6;94;10;198.4;132;8.93;10.8;5;2.92;0;0
WV;80;415;356-2093;0;1;38;236.6;69;40.22;197.5;68;16.79;209.5;102;9.43;9.5;10;2.57;2;0
WV;94;415;353-2080;0;0;0;85.9;113;14.6;226.7;91;19.27;279.6;110;12.58;15.6;16;4.21;0;0
NE;105;415;397-7500;0;1;27;141.2;96;24;167.7;94;14.25;274.4;101;12.35;11.4;2;3.08;1;0
NC;73;415;414-5786;0;1;31;194.4;104;33.05;176;84;14.96;230.1;110;10.35;11.5;3;3.11;0;0
NE;112;415;388-4282;0;0;0;167.6;100;28.49;154.5;90;13.13;281.4;107;12.66;17.3;3;4.67;2;0
IL;179;408;415-5132;0;0;0;234.5;134;39.87;164.2;94;13.96;191.4;72;8.61;6.1;4;1.65;1;0
MA;57;510;352-4541;0;0;0;154.2;78;26.21;196.7;85;16.72;253.5;97;11.41;10.1;9;2.73;1;0
AZ;127;415;373-5928;0;1;14;143.2;99;24.34;169.9;91;14.44;221.6;77;9.97;11.6;1;3.13;1;0
SD;122;415;406-7737;1;1;40;216.4;80;36.79;249.7;90;21.22;185.9;99;8.37;12.7;4;3.43;1;0
MT;33;510;332-7607;0;1;35;161.9;85;27.52;151.2;82;12.85;191;131;8.59;8.5;2;2.3;1;0
VT;94;408;359-7788;0;0;0;118.7;90;20.18;205.1;57;17.43;172.2;100;7.75;10.4;6;2.81;3;0
UT;100;408;384-1549;0;0;0;179.1;123;30.45;196.6;132;16.71;186.7;116;8.4;10.2;10;2.75;1;0
HI;106;415;352-8508;0;0;0;147.9;97;25.14;209.3;99;17.79;162.1;80;7.29;8.8;5;2.38;2;0
DC;148;415;404-1002;0;1;38;209.2;110;35.56;116.6;73;9.91;109.6;105;4.93;16.5;4;4.46;2;0
WI;120;415;414-2905;0;1;29;244.3;140;41.53;322.3;89;27.4;166.8;83;7.51;10.6;6;2.86;0;0
UT;91;415;380-9849;0;1;34;175.3;96;29.8;262.3;122;22.3;143.9;76;6.48;5.6;11;1.51;1;0
WA;86;510;387-6498;0;0;0;150.5;92;25.59;120.3;95;10.23;271.2;96;12.2;9;2;2.43;1;0
SD;78;415;360-6024;0;1;25;197.4;73;33.56;295.7;113;25.13;211.7;73;9.53;13.2;2;3.56;0;0
MT;94;510;352-5815;0;0;0;163.5;136;27.8;143.7;111;12.21;253.4;82;11.4;12.6;5;3.4;1;0
NJ;85;415;366-2273;0;0;0;236.9;93;40.27;197.7;113;16.8;309.1;78;13.91;11.4;7;3.08;2;1
CT;89;415;414-9119;0;0;0;82.3;77;13.99;167.2;80;14.21;194.7;70;8.76;7.2;4;1.94;1;0
VA;128;415;409-8796;0;0;0;216;111;36.72;153.7;115;13.06;227;74;10.22;12.7;4;3.43;1;0
NC;115;415;337-2442;1;0;0;180;119;30.6;198.8;126;16.9;217.1;70;9.77;12.4;3;3.35;1;0
AK;76;415;404-1931;0;0;0;143.7;55;24.43;173.1;108;14.71;239.1;95;10.76;5.8;6;1.57;1;0
MD;75;415;367-9765;0;1;39;198.2;107;33.69;280.4;132;23.83;129.6;73;5.83;11.3;7;3.05;1;0
IL;90;415;378-7299;0;1;29;185.6;106;31.55;219.7;113;18.67;152.1;120;6.84;11.1;5;3;2;0
CT;30;408;410-5192;0;0;0;137.6;108;23.39;162;80;13.77;187.7;126;8.45;5.8;10;1.57;3;0
KS;105;415;405-1108;1;0;0;273.9;119;46.56;278.6;103;23.68;255.3;90;11.49;10.9;7;2.94;1;1
MA;102;415;392-1734;0;1;31;125.3;92;21.3;141.2;108;12;168.2;68;7.57;6.3;2;1.7;3;0
NJ;83;415;395-6030;0;0;0;178.8;102;30.4;167.9;84;14.27;178.9;65;8.05;8.6;4;2.32;3;0
AR;63;510;330-5168;0;1;49;214.9;86;36.53;198.2;89;16.85;170.8;139;7.69;8.2;5;2.21;0;0
MS;155;408;334-3142;0;0;0;163;93;27.71;203.9;102;17.33;159;109;7.15;15.1;4;4.08;2;0
ND;82;415;362-9983;0;1;29;163.8;77;27.85;134.9;112;11.47;79.3;95;3.57;8.8;2;2.38;2;0
IN;87;510;414-2606;0;0;0;189.5;113;32.22;204.9;100;17.42;221.7;93;9.98;13.4;3;3.62;1;0
MI;115;415;402-4501;0;1;26;155.2;110;26.38;230.9;133;19.63;261.6;100;11.77;4.5;4;1.22;0;0
AR;99;510;387-2604;1;0;0;242.3;102;41.19;350.9;102;29.83;163.1;93;7.34;11.3;3;3.05;0;1
VT;121;415;400-3343;1;1;44;254.1;127;43.2;180.2;108;15.32;196.2;129;8.83;8.7;4;2.35;3;0
WV;54;510;353-2450;0;1;33;112;90;19.04;208;112;17.68;150.3;83;6.76;11.3;4;3.05;2;0
ME;105;408;406-2032;0;0;0;115.5;73;19.64;267.3;83;22.72;114.2;90;5.14;13.3;5;3.59;3;0
IA;73;415;409-4462;0;0;0;137.1;102;23.31;210.8;114;17.92;191.4;120;8.61;11.1;4;3;1;0
CT;95;415;392-5941;0;0;0;198.4;113;33.73;235.9;144;20.05;325.6;99;14.65;10.1;3;2.73;0;0
NM;21;415;334-9182;0;1;19;132.7;94;22.56;204.6;101;17.39;154.7;78;6.96;12.9;7;3.48;3;0
OR;163;408;346-3445;0;1;25;219.6;99;37.33;210.4;99;17.88;242.7;88;10.92;13.8;8;3.73;2;0
VT;57;415;368-9507;0;0;0;169.6;96;28.83;234.7;112;19.95;285.4;83;12.84;11.2;4;3.02;0;0
RI;104;408;382-3966;1;0;0;160.4;73;27.27;293.9;103;24.98;306.6;90;13.8;12.6;5;3.4;4;0
RI;83;415;334-5844;0;1;20;95;89;16.15;167.9;92;14.27;200.6;79;9.03;11.2;2;3.02;0;0
NM;141;415;362-9411;0;0;0;160.1;87;27.22;256.7;120;21.82;270;107;12.15;7;1;1.89;2;0
AL;95;415;390-3565;0;0;0;194.6;114;33.08;232.8;106;19.79;173.4;92;7.8;3.8;2;1.03;3;0
MT;184;415;417-4810;0;0;0;236.4;73;40.19;287.3;120;24.42;192;94;8.64;13.8;4;3.73;1;1
CT;74;408;384-3389;0;0;0;157.1;95;26.71;213.1;36;18.11;280.4;77;12.62;7.6;3;2.05;2;0
TN;67;415;414-9717;0;0;0;179.8;125;30.57;173.2;86;14.72;272.8;97;12.28;10.9;4;2.94;0;0
ID;104;415;357-1700;1;0;0;148.2;108;25.19;161.8;113;13.75;259.3;103;11.67;11;4;2.97;0;0
TX;71;415;376-7207;0;1;39;183.2;103;31.14;209.4;111;17.8;172.4;109;7.76;11.9;6;3.21;1;0
NH;149;415;368-7706;0;0;0;119.2;88;20.26;168.3;110;14.31;204.7;119;9.21;12.2;6;3.29;4;1
ND;154;408;346-4216;0;1;35;224;102;38.08;192;99;16.32;163.1;100;7.34;9.6;2;2.59;0;0
SC;138;510;370-9533;0;1;21;19.5;149;3.32;140.9;109;11.98;179.7;111;8.09;7.9;1;2.13;0;0
KS;117;415;372-1493;0;0;0;184.8;83;31.42;248.6;101;21.13;133.1;113;5.99;9.6;8;2.59;1;0
ME;130;408;387-6031;0;0;0;176.3;140;29.97;201;104;17.09;161.9;123;7.29;11.3;5;3.05;1;0
RI;73;415;366-6248;0;0;0;241.7;115;41.09;168.5;133;14.32;169.8;122;7.64;11.1;2;3;2;0
WI;100;510;369-3756;0;1;38;224.7;121;38.2;294;131;24.99;290;61;13.05;9.8;6;2.65;0;0
NC;149;510;363-1719;0;0;0;207.3;115;35.24;198.4;82;16.86;114.1;83;5.13;8.6;4;2.32;1;0
OH;29;408;402-6666;0;0;0;196.8;81;33.46;168;110;14.28;132.6;98;5.97;12.7;7;3.43;2;0
WY;131;510;408-9779;0;0;0;110.9;74;18.85;115.6;90;9.83;190.5;114;8.57;15.8;9;4.27;1;0
NJ;153;510;407-2441;0;0;0;122.5;145;20.83;273.3;103;23.23;197.8;71;8.9;8;3;2.16;2;0
ND;84;510;384-5027;0;0;0;226.9;144;38.57;201.6;122;17.14;130.2;121;5.86;13.2;5;3.56;2;0
WI;133;510;380-3161;0;0;0;187;65;31.79;141.4;128;12.02;238.2;108;10.72;10;8;2.7;2;0
KY;112;415;360-8135;0;0;0;170.5;113;28.99;193.2;129;16.42;188;91;8.46;11.2;6;3.02;0;0
NY;87;415;399-5426;0;0;0;204.8;101;34.82;161;80;13.69;285.7;89;12.86;9.5;3;2.57;0;0
MO;72;415;385-2564;0;0;0;165.9;114;28.2;235.9;97;20.05;210.1;120;9.45;12;5;3.24;2;0
AZ;66;510;337-8618;0;0;0;154;133;26.18;198.9;121;16.91;151.9;100;6.84;9.5;3;2.57;4;1
MN;65;510;354-8491;0;1;29;158.1;104;26.88;322.2;81;27.39;210;96;9.45;8.9;6;2.4;1;0
CO;74;415;394-6278;0;0;0;225.2;93;38.28;215.1;120;18.28;241.8;95;10.88;9.1;2;2.46;2;0
MD;116;408;405-2276;0;0;0;159.4;79;27.1;179.5;88;15.26;167.8;71;7.55;9.7;2;2.62;6;1
AR;68;510;376-1000;0;0;0;172.7;95;29.36;139.1;90;11.82;174.3;99;7.84;11.7;1;3.16;2;0
TN;68;415;397-1659;0;0;0;222.8;99;37.88;175.8;85;14.94;202;111;9.09;11;3;2.97;3;0
DE;54;415;379-3953;1;0;0;214.1;77;36.4;240.5;94;20.44;188.9;75;8.5;10.1;3;2.73;1;0
TN;99;408;418-6512;0;0;0;54.8;92;9.32;173;103;14.71;195.1;125;8.78;7.5;3;2.03;1;0
WI;107;408;392-5296;0;0;0;134;104;22.78;174.5;94;14.83;311.1;79;14;7.3;3;1.97;3;0
WV;124;510;355-3814;0;0;0;184.8;74;31.42;175.1;84;14.88;158.2;95;7.12;10.5;6;2.84;1;0
CT;95;415;375-2098;0;1;36;283.1;112;48.13;286.2;86;24.33;261.7;129;11.78;11.3;3;3.05;3;0
MN;173;510;372-7990;0;0;0;291.8;143;49.61;214.3;134;18.22;151.2;119;6.8;9.9;2;2.67;0;1
MO;110;408;356-4558;0;0;0;222.7;94;37.86;105.8;98;8.99;214.8;78;9.67;13.5;4;3.65;1;0
VA;102;510;398-5788;0;0;0;174.5;79;29.67;236.8;136;20.13;270.4;110;12.17;8.5;5;2.3;0;0
NH;130;408;390-4003;0;0;0;68.4;86;11.63;193.3;110;16.43;171.5;139;7.72;10.4;4;2.81;0;0
OK;91;408;332-8103;0;1;31;273;78;46.41;215.5;98;18.32;104.7;114;4.71;9.6;2;2.59;1;0
CT;64;415;406-9926;1;0;0;225.3;134;38.3;108.2;87;9.2;139.6;132;6.28;17.3;9;4.67;1;1
TN;176;415;418-2402;0;1;23;283.2;130;48.14;162.6;74;13.82;177.7;104;8;7.2;6;1.94;1;0
MD;93;510;384-3299;1;0;0;131.4;78;22.34;219.7;106;18.67;155.7;103;7.01;11.1;2;3;1;1
WI;84;510;378-9090;0;1;12;89.7;87;15.25;138.6;73;11.78;165.8;114;7.46;10.7;2;2.89;1;0
SD;138;510;350-6473;0;0;0;127.1;102;21.61;247.7;106;21.05;207.7;75;9.35;5;3;1.35;3;0
ND;101;415;379-4583;0;1;28;105.9;132;18;231.7;107;19.69;281.3;120;12.66;10.7;5;2.89;1;0
VA;136;408;411-5078;0;0;0;142.3;79;24.19;158;113;13.43;177.5;75;7.99;6;11;1.62;2;0
UT;111;510;347-4982;0;0;0;191.3;80;32.52;138.5;94;11.77;246;107;11.07;6.4;3;1.73;2;0
MA;132;408;341-9274;0;1;36;201.9;93;34.32;156.3;75;13.29;131.3;92;5.91;13.7;5;3.7;0;0
SD;128;415;353-7461;0;0;0;247.3;91;42.04;182.7;60;15.53;143.2;112;6.44;14.7;2;3.97;3;0
AL;92;408;371-7366;0;1;38;242.2;96;41.17;159.7;144;13.57;210;108;9.45;8.9;1;2.4;1;0
AL;197;415;395-7923;1;0;0;127.3;80;21.64;222.3;115;18.9;173.9;95;7.83;13.7;5;3.7;5;1
WV;191;408;351-8398;0;0;0;162;104;27.54;241.2;120;20.5;210.4;83;9.47;10.9;7;2.94;1;0
SC;99;415;329-2204;0;1;33;179.1;93;30.45;238.3;102;20.26;165.7;96;7.46;10.6;1;2.86;2;0
FL;106;415;407-7507;0;1;31;197.4;125;33.56;123.4;110;10.49;115.6;101;5.2;12.3;4;3.32;3;0
KY;88;415;405-8075;0;0;0;148.2;82;25.19;308.7;67;26.24;235.4;79;10.59;6.4;4;1.73;2;0
UT;78;415;390-9698;0;0;0;193.1;85;32.83;172.1;105;14.63;129.6;119;5.83;10.2;1;2.75;0;0
NY;98;408;403-4917;0;0;0;171.7;99;29.19;174.8;87;14.86;189.6;130;8.53;7.8;6;2.11;1;0
MS;17;408;391-6709;0;1;35;198.5;123;33.75;270.6;74;23;209.9;130;9.45;8.1;10;2.19;1;0
NH;56;415;389-5988;0;1;24;121.7;87;20.69;184;76;15.64;266.6;98;12;12.7;3;3.43;1;0
VA;84;415;372-1534;0;0;0;130.2;105;22.13;278;60;23.63;305.4;74;13.74;14;6;3.78;2;0
VT;95;510;395-6369;0;0;0;203.4;96;34.58;168.6;61;14.33;173;105;7.79;13.7;3;3.7;2;0
WY;16;415;400-3197;0;0;0;174.7;83;29.7;280.8;122;23.87;171.7;80;7.73;10.5;8;2.84;5;0
NV;76;510;377-4169;1;0;0;241;120;40.97;231.8;96;19.7;220.2;67;9.91;9.9;1;2.67;1;1
WV;93;415;384-5343;0;0;0;141.7;95;24.09;221;100;18.79;227.1;71;10.22;10.2;3;2.75;0;0
WA;83;408;338-4472;0;0;0;134.8;96;22.92;167.2;78;14.21;161.5;123;7.27;7.7;5;2.08;2;0
KS;123;415;332-2126;0;0;0;163.1;119;27.73;249.4;51;21.2;168.2;77;7.57;9;10;2.43;1;0
VT;64;408;349-2157;0;0;0;145.5;116;24.74;228.4;110;19.41;273.4;91;12.3;8.9;8;2.4;1;0
OK;82;510;393-4823;0;0;0;329.8;73;56.07;208.3;120;17.71;267.1;102;12.02;10.6;6;2.86;0;1
GA;107;510;385-2683;0;0;0;194.5;97;33.07;186.3;131;15.84;178.3;106;8.02;12.7;1;3.43;2;0
CO;110;510;345-8350;0;0;0;131.9;93;22.42;272.7;106;23.18;192.8;105;8.68;7.1;4;1.92;1;0
AK;96;408;334-4506;0;1;29;150;91;25.5;159.4;75;13.55;228.1;55;10.26;8.5;3;2.3;1;0
TN;47;415;332-3544;0;1;30;196.6;93;33.42;241.4;140;20.52;226;118;10.17;12.9;4;3.48;2;0
KY;115;510;380-5102;0;0;0;99.7;107;16.95;145.1;96;12.33;149.4;99;6.72;14.1;4;3.81;2;0
PA;69;415;395-6149;0;0;0;143.6;88;24.41;141.8;86;12.05;194;83;8.73;10.8;5;2.92;3;0
CT;163;408;398-8122;0;1;40;231.9;56;39.42;211.8;91;18;268.5;74;12.08;12.3;3;3.32;2;0
CT;90;415;334-4438;0;0;0;37.8;80;6.43;155.3;105;13.2;175;111;7.88;14.2;5;3.83;3;0
MN;98;415;384-7459;0;0;0;72.8;107;12.38;186.4;103;15.84;175.3;110;7.89;10.5;4;2.84;3;0
WY;90;408;368-3931;0;1;39;94.8;89;16.12;219.1;91;18.62;197.4;65;8.88;11.4;5;3.08;1;0
PA;174;415;353-1352;0;1;15;221.8;143;37.71;210.6;115;17.9;221.8;109;9.98;12.4;9;3.35;1;0
OR;95;415;348-5725;0;0;0;269;120;45.73;233.7;120;19.86;179.3;61;8.07;7.3;4;1.97;2;1
PA;79;415;365-2008;0;0;0;268.3;114;45.61;185.5;111;15.77;264.6;88;11.91;6.3;7;1.7;1;1
OK;123;415;393-3635;0;1;27;198.7;127;33.78;249;105;21.17;173.2;124;7.79;12.5;5;3.38;1;0
VT;99;415;380-8727;0;0;0;115.5;75;19.64;218.1;111;18.54;254.9;98;11.47;11.5;7;3.11;7;1
ID;114;415;381-2376;0;0;0;202.1;100;34.36;195.7;102;16.63;291.8;120;13.13;13.3;5;3.59;2;0
PA;141;510;365-8114;0;0;0;215.6;113;36.65;200.6;81;17.05;153.8;107;6.92;12.4;6;3.35;1;0
NM;132;408;415-5008;0;0;0;169.9;107;28.88;209.4;121;17.8;206.1;79;9.27;11.5;2;3.11;1;0
FL;133;510;392-8318;0;0;0;201.7;85;34.29;169.4;116;14.4;286.3;80;12.88;6;4;1.62;0;0
TX;133;408;401-4007;0;0;0;221.1;133;37.59;160.2;140;13.62;161.8;84;7.28;8.4;3;2.27;4;0
VT;93;510;338-7709;0;1;32;218.7;117;37.18;115;61;9.78;192.7;85;8.67;9.4;5;2.54;2;0
MA;34;415;374-1981;0;0;0;293.7;89;49.93;272.5;71;23.16;178.2;76;8.02;11;10;2.97;2;1
OR;140;415;333-5101;0;0;0;120.3;108;20.45;240.4;84;20.43;216.4;74;9.74;7.7;3;2.08;4;1
DE;96;415;345-3734;0;1;26;175.8;96;29.89;206.6;84;17.56;178;105;8.01;11.1;2;3;2;0
FL;144;510;384-5004;0;0;0;278.5;95;47.35;240.7;90;20.46;120;90;5.4;11.6;5;3.13;1;1
ID;24;408;341-9396;0;1;29;236.3;105;40.17;190.8;114;16.22;129;105;5.81;7.2;2;1.94;3;0
MD;54;415;408-6302;0;0;0;273.8;113;46.55;119.6;156;10.17;267.6;117;12.04;11.7;3;3.16;1;0
WV;50;408;348-7193;0;0;0;131.1;129;22.29;160.5;94;13.64;206.9;88;9.31;5.6;9;1.51;5;1
ID;92;415;417-4063;0;1;23;167.4;83;28.46;258.6;129;21.98;116.4;110;5.24;11.2;3;3.02;4;0
NV;96;408;375-6911;0;0;0;197.7;68;33.61;250.5;53;21.29;181.2;67;8.15;10.5;3;2.84;3;0
OH;146;415;358-3604;0;0;0;169.5;93;28.82;230.9;71;19.63;269.8;115;12.14;9;7;2.43;2;0
ID;138;415;339-7485;1;1;17;225.2;116;38.28;173.4;88;14.74;145.8;99;6.56;11.7;4;3.16;0;0
SC;102;408;368-3078;0;0;0;174.5;73;29.67;213.7;114;18.16;164.7;116;7.41;10.3;5;2.78;4;0
MO;76;510;418-7055;0;0;0;129.7;84;22.05;177.5;80;15.09;228.9;87;10.3;7.5;3;2.03;5;1
NE;99;415;386-9981;0;0;0;200;66;34;107.9;104;9.17;233.7;82;10.52;11.4;2;3.08;3;0
NC;83;510;366-2541;0;1;36;95.9;87;16.3;261.6;105;22.24;228.6;109;10.29;13.3;4;3.59;0;0
ME;36;510;335-3110;0;1;25;152.8;110;25.98;242.8;67;20.64;147.4;74;6.63;9.1;2;2.46;1;0
MI;70;510;400-7809;0;0;0;129.9;102;22.08;208.7;133;17.74;231.4;93;10.41;14.3;3;3.86;1;0
AZ;109;415;404-3106;1;0;0;268.4;85;45.63;150.6;131;12.8;297.9;84;13.41;9.7;8;2.62;2;1
AZ;100;415;333-2337;0;0;0;188.5;152;32.05;148.3;115;12.61;179.8;88;8.09;15.2;5;4.1;2;0
HI;104;408;353-6482;0;0;0;170.6;97;29;162.1;111;13.78;210.7;131;9.48;6.1;1;1.65;1;0
NJ;106;415;397-8162;0;0;0;191.4;124;32.54;200.7;116;17.06;230.1;76;10.35;8.2;3;2.21;1;0
MS;84;510;380-6722;0;0;0;75.3;96;12.8;179.9;113;15.29;193.8;134;8.72;12.3;1;3.32;1;0
MA;80;510;329-2918;0;0;0;149.8;123;25.47;276.3;75;23.49;241.4;75;10.86;10.9;7;2.94;2;0
SC;100;510;348-8022;0;0;0;115.9;87;19.7;111.3;56;9.46;170.2;77;7.66;7.1;4;1.92;1;0
MN;99;408;388-4459;0;0;0;128.8;86;21.9;203.9;105;17.33;282.6;131;12.72;14.1;4;3.81;2;0
WV;50;510;358-3114;0;0;0;131.7;108;22.39;216.5;103;18.4;196.1;126;8.82;11;5;2.97;1;0
MS;105;415;343-9654;0;0;0;101.4;48;17.24;159.1;119;13.52;259.2;53;11.66;12.2;2;3.29;1;0
VA;113;415;401-9909;0;1;23;149;104;25.33;235.8;67;20.04;201.8;76;9.08;9.5;5;2.57;4;0
MS;111;415;404-9978;0;1;36;96.8;123;16.46;170.6;105;14.5;166;85;7.47;13.4;4;3.62;2;0
NM;161;408;397-8011;0;0;0;107.5;121;18.28;256.4;46;21.79;247.2;131;11.12;12.6;3;3.4;2;0
TX;70;415;341-8719;0;0;0;232.8;95;39.58;303.4;111;25.79;255.6;104;11.5;12.9;7;3.48;0;1
HI;97;415;408-1242;0;1;43;121.1;105;20.59;260.2;115;22.12;222.4;100;10.01;8.3;5;2.24;3;0
WA;130;510;406-7726;0;0;0;124.3;70;21.13;270.7;99;23.01;239.5;83;10.78;3.5;6;0.95;0;0
WI;92;415;351-2773;0;0;0;157.7;101;26.81;298.6;100;25.38;216.9;99;9.76;13.8;3;3.73;1;0
CO;119;408;368-6174;0;0;0;124.3;68;21.13;207.1;88;17.6;157.4;93;7.08;14.8;1;4;0;0
NV;115;415;334-5029;0;0;0;286.4;125;48.69;205.7;74;17.48;191.4;141;8.61;6.9;6;1.86;1;1
RI;134;415;413-1789;0;0;0;141.7;95;24.09;205.6;101;17.48;218.5;60;9.83;8.8;6;2.38;0;0
VA;127;408;414-1246;0;1;25;173;91;29.41;245.8;64;20.89;300;99;13.5;4.8;3;1.3;0;0
NJ;80;415;330-4978;0;0;0;268.7;120;45.68;301;147;25.59;167;140;7.52;5.8;1;1.57;2;1
ND;153;415;386-1631;0;1;31;218.5;130;37.15;134.2;103;11.41;118.9;105;5.35;9.4;6;2.54;0;0
MN;85;415;363-1208;0;0;0;255.3;114;43.4;194.6;83;16.54;276.6;78;12.45;3.7;5;1;3;0
HI;79;415;334-5263;0;0;0;41.9;124;7.12;211;95;17.94;237.9;55;10.71;11.4;5;3.08;1;0
ND;35;415;361-4137;0;0;0;260.8;87;44.34;258.1;78;21.94;131.3;123;5.91;5.8;2;1.57;1;0
WI;120;408;374-8187;0;1;26;239.4;94;40.7;259.4;88;22.05;238;132;10.71;7.7;3;2.08;0;0
MN;68;510;370-1525;0;0;0;226.7;94;38.54;168.4;129;14.31;188.7;117;8.49;10.2;1;2.75;0;0
DC;60;408;355-3801;0;0;0;179.3;147;30.48;208.9;89;17.76;248.2;98;11.17;13.5;6;3.65;1;1
KS;120;510;392-5605;0;0;0;158;110;26.86;197;103;16.75;154.9;132;6.97;10;5;2.7;1;0
MT;71;510;363-1366;0;1;23;175.7;82;29.87;258.9;136;22.01;268.4;154;12.08;14.1;7;3.81;1;0
WV;124;415;358-5274;0;0;0;157.4;107;26.76;167.8;112;14.26;188.8;102;8.5;8.8;3;2.38;3;0
ME;23;510;376-9607;0;0;0;113.1;74;19.23;168.8;95;14.35;262.9;126;11.83;6.9;2;1.86;1;1
WY;225;415;374-1213;0;0;0;182.7;142;31.06;246.5;63;20.95;218;103;9.81;8.8;2;2.38;1;0
NY;181;415;421-8537;1;0;0;161.3;83;27.42;124.4;83;10.57;262;98;11.79;14.1;3;3.81;0;1
VT;63;415;351-5576;0;0;0;142.5;92;24.23;208.3;102;17.71;228.9;120;10.3;7.5;2;2.03;2;0
NC;54;415;407-7258;1;0;0;190.5;108;32.39;259.7;108;22.07;141.5;111;6.37;9.7;2;2.62;2;1
MO;80;408;405-4420;1;1;15;159.3;110;27.08;170.6;120;14.5;141.2;82;6.35;11.9;5;3.21;1;0
NC;118;408;340-2855;1;1;39;153.8;106;26.15;123.3;111;10.48;117.8;103;5.3;9.2;6;2.48;1;0
NJ;42;408;342-8002;1;0;0;180.7;127;30.72;174.6;94;14.84;165.3;114;7.44;12;6;3.24;2;0
OH;134;408;355-6826;0;0;0;202.7;105;34.46;224.9;90;19.12;253.9;108;11.43;12.1;7;3.27;0;0
TX;66;415;402-3886;0;1;35;190.8;100;32.44;261.3;93;22.21;209.5;108;9.43;8.9;6;2.4;0;0
WA;66;415;336-5900;0;0;0;205.1;102;34.87;232.7;109;19.78;259.9;95;11.7;9.2;6;2.48;2;0
TN;127;415;339-7684;0;1;28;235.6;124;40.05;236.8;113;20.13;241.2;127;10.85;7.7;2;2.08;1;0
HI;146;510;390-2433;0;0;0;189.3;77;32.18;155.9;128;13.25;186;83;8.37;7.4;3;2;0;0
WY;93;408;360-7246;0;1;42;166.9;101;28.37;273.2;84;23.22;171;106;7.69;11.5;1;3.11;1;0
CT;77;415;335-6508;0;0;0;245.2;87;41.68;254.1;83;21.6;239.4;91;10.77;7.5;4;2.03;0;1
NM;111;415;348-6720;0;0;0;132.6;125;22.54;221.1;67;18.79;127.9;101;5.76;12.7;2;3.43;4;1
NJ;125;415;406-6400;0;0;0;182.3;64;30.99;139.8;121;11.88;171.6;96;7.72;11.6;7;3.13;2;0
AL;115;510;390-7370;0;1;14;192.3;86;32.69;88.7;90;7.54;229.4;120;10.32;10.5;3;2.84;2;0
MN;115;510;390-5055;1;0;0;122;110;20.74;220.2;100;18.72;179.7;124;8.09;10.8;2;2.92;2;1
NC;114;408;405-7542;0;0;0;193;101;32.81;250;81;21.25;133.3;79;6;9.6;2;2.59;2;0
OH;106;415;364-4927;0;0;0;158.6;112;26.96;220;114;18.7;252.9;106;11.38;9.1;3;2.46;0;0
ND;118;415;329-3458;0;1;39;91.5;125;15.56;219.9;113;18.69;229;99;10.31;12.7;8;3.43;2;0
CO;59;510;331-3842;0;0;0;153.6;92;26.11;205.5;88;17.47;114.5;89;5.15;12.5;10;3.38;1;0
ND;87;415;343-4147;1;1;40;221.6;79;37.67;157.1;74;13.35;222.4;124;10.01;11.5;3;3.11;1;0
NY;21;415;335-2274;0;0;0;244.7;81;41.6;168;117;14.28;281.5;87;12.67;6.6;1;1.78;1;0
WI;142;408;343-3227;0;1;24;239.8;103;40.77;285.9;65;24.3;256.7;106;11.55;9.5;4;2.57;0;0
WY;62;415;336-6907;0;0;0;172.4;132;29.31;230.5;100;19.59;228.2;109;10.27;11;5;2.97;0;0
OR;149;415;331-1391;0;0;0;242.5;83;41.23;245.4;97;20.86;219.6;80;9.88;10;3;2.7;3;1
CO;54;510;360-1643;0;1;39;117.6;82;19.99;159.2;60;13.53;236.4;113;10.64;11.3;10;3.05;2;0
LA;112;510;410-2518;0;0;0;174.5;127;29.67;259.3;71;22.04;170.5;120;7.67;11.3;7;3.05;1;0
AL;68;510;344-4970;0;0;0;157.3;83;26.74;220.9;85;18.78;218.9;129;9.85;12;7;3.24;1;0
TX;201;415;408-1486;0;1;21;192;97;32.64;239.1;81;20.32;116.1;125;5.22;15.1;3;4.08;1;0
PA;88;510;396-1648;0;0;0;218.2;76;37.09;169.3;60;14.39;141.1;99;6.35;8;1;2.16;1;0
IL;85;415;391-2022;0;1;29;144.6;97;24.58;140;102;11.9;165.4;148;7.44;10.9;3;2.94;1;0
DE;51;415;420-6465;1;0;0;153.6;108;26.11;232.9;85;19.8;214.2;92;9.64;14.1;4;3.81;0;1
MO;45;510;398-2628;0;1;29;135.8;104;23.09;222.5;101;18.91;235.6;92;10.6;7.9;6;2.13;2;0
AR;116;510;409-5519;0;0;0;160.7;69;27.32;146.8;106;12.48;287.8;144;12.95;8.2;5;2.21;0;0
OH;146;408;391-8554;0;1;31;202.5;91;34.43;241.4;108;20.52;169.6;77;7.63;7.8;2;2.11;1;0
WI;63;510;395-1693;0;1;34;152.2;119;25.87;227.1;91;19.3;195.7;103;8.81;12.3;5;3.32;1;0
GA;133;510;393-3194;0;0;0;227.4;90;38.66;73.2;135;6.22;114.3;99;5.14;4.7;7;1.27;0;0
KY;125;408;328-3402;0;0;0;191.6;115;32.57;205.6;108;17.48;210.2;123;9.46;9.2;3;2.48;2;0
OH;72;510;411-4781;0;0;0;138.9;111;23.61;211.6;102;17.99;179.5;91;8.08;10.8;3;2.92;1;0
TN;130;408;401-2581;0;0;0;127;102;21.59;206.9;107;17.59;231.7;99;10.43;6.1;6;1.65;0;0
SD;97;415;385-1214;0;0;0;168.6;87;28.66;259.2;105;22.03;279.8;123;12.59;7.3;4;1.97;1;0
NY;54;415;348-6853;0;0;0;286.6;73;48.72;223.2;108;18.97;203.7;107;9.17;11.5;5;3.11;1;1
GA;160;415;341-8412;0;1;29;164.6;121;27.98;262.8;108;22.34;123.8;131;5.57;15.2;4;4.1;1;0
TX;79;415;330-8142;0;0;0;144;90;24.48;135.8;91;11.54;212.4;129;9.56;13;4;3.51;1;0
WV;92;415;361-1404;0;1;47;141.6;95;24.07;207.9;130;17.67;203.6;95;9.16;10.2;11;2.75;0;0
MI;59;415;375-9671;0;0;0;204.3;65;34.73;247.3;123;21.02;214.7;94;9.66;12;4;3.24;1;0
ND;132;510;372-1824;0;0;0;163.2;80;27.74;167.6;90;14.25;87.5;90;3.94;6.2;10;1.67;1;0
NE;21;510;408-3606;0;0;0;225;110;38.25;244.2;111;20.76;221.2;93;9.95;10.7;4;2.89;0;0
SD;93;415;333-3595;0;0;0;176.1;103;29.94;199.7;130;16.97;263.9;96;11.88;8.5;6;2.3;2;0
NJ;147;415;379-7009;0;1;36;254.2;78;43.21;228.1;105;19.39;98;125;4.41;13.8;7;3.73;5;0
AK;101;510;411-4940;0;0;0;174.9;105;29.73;262;75;22.27;210;93;9.45;8.5;5;2.3;1;0
CT;125;415;409-7523;1;0;0;187.3;118;31.84;160.7;111;13.66;263.8;112;11.87;9.6;2;2.59;0;1
CO;63;415;408-6725;0;0;0;211.8;84;36.01;230.9;137;19.63;217.1;99;9.77;10.7;9;2.89;3;0
MD;107;415;350-2384;0;0;0;241.9;102;41.12;126.9;117;10.79;185.6;92;8.35;11.7;6;3.16;0;0
ND;110;408;348-1706;0;0;0;196.1;103;33.34;199.7;123;16.97;135.9;71;6.12;12.9;1;3.48;3;0
NH;83;415;415-6145;0;0;0;231.3;100;39.32;210.4;84;17.88;217.4;106;9.78;12.4;2;3.35;3;0
MN;117;408;373-3731;0;0;0;161.6;104;27.47;196.3;119;16.69;294.8;111;13.27;13.8;2;3.73;1;0
KY;124;415;341-3349;0;0;0;194;103;32.98;241;116;20.49;227.5;153;10.24;11.9;5;3.21;0;0
NH;115;510;399-8859;0;0;0;109.7;148;18.65;223.8;87;19.02;240.3;96;10.81;15.4;8;4.16;3;0
CO;156;408;377-4518;1;0;0;277;119;47.09;238.3;106;20.26;94.4;96;4.25;8.3;3;2.24;1;0
KY;89;408;341-1594;0;0;0;192.1;83;32.66;163.6;88;13.91;169.7;138;7.64;6.1;3;1.65;0;0
KY;72;415;418-8770;0;0;0;198.4;147;33.73;216.9;121;18.44;112.8;125;5.08;13.1;4;3.54;0;0
IN;101;415;332-9118;0;1;42;209.2;82;35.56;159.7;74;13.57;181.6;100;8.17;9.5;3;2.57;0;0
OR;53;415;386-1418;0;0;0;184.8;98;31.42;216.4;125;18.39;141.1;116;6.35;18.4;3;4.97;2;0
SD;116;408;393-3535;0;0;0;167.8;119;28.53;142;123;12.07;190.7;128;8.58;7.3;4;1.97;2;0
DE;78;408;328-9006;0;0;0;139.2;140;23.66;191.4;113;16.27;286.5;125;12.89;11.8;3;3.19;3;0
OR;117;415;402-2482;0;1;17;221.3;82;37.62;167.6;100;14.25;262.7;87;11.82;4.4;4;1.19;0;0
NE;56;510;408-4865;0;0;0;121.6;84;20.67;165.3;115;14.05;243.9;95;10.98;8.9;2;2.4;1;0
OH;123;408;396-6247;0;1;39;270.4;99;45.97;245.1;110;20.83;108.9;113;4.9;15.4;7;4.16;1;0
OH;127;408;396-9462;0;0;0;139.6;94;23.73;240.9;112;20.48;127.1;88;5.72;8.8;4;2.38;2;0
AR;116;415;396-9279;0;1;23;253;78;43.01;138.9;121;11.81;277.8;104;12.5;11.8;3;3.19;2;0
KS;138;510;363-8715;0;1;26;183.9;83;31.26;240.7;93;20.46;185.7;125;8.36;15;3;4.05;1;0
TX;120;415;356-1358;0;0;0;203.3;108;34.56;259.9;66;22.09;115.9;103;5.22;7.8;2;2.11;3;0
WI;102;408;360-7839;0;0;0;200.6;106;34.1;152.5;127;12.96;199.4;128;8.97;7.7;2;2.08;3;0
OR;95;415;364-8774;0;0;0;167.6;96;28.49;176;89;14.96;250.9;113;11.29;13.4;6;3.62;2;0
VA;102;408;348-5038;0;0;0;156.5;67;26.61;204.3;103;17.37;141.9;72;6.39;9.9;2;2.67;2;0
AR;89;415;365-4728;0;1;25;215.1;140;36.57;197.4;69;16.78;162.1;117;7.29;10.6;10;2.86;1;0
CT;50;408;351-9037;0;0;0;301.7;82;51.29;167.1;118;14.2;72.2;89;3.25;10.5;6;2.84;1;0
OH;93;415;397-9184;0;1;42;152.3;90;25.89;267.5;102;22.74;266.9;130;12.01;11.3;5;3.05;7;0
WY;68;510;398-4538;0;0;0;195.4;116;33.22;212.1;101;18.03;138.4;134;6.23;15.1;11;4.08;1;0
IL;70;408;382-6827;0;0;0;208.7;97;35.48;275.5;83;23.42;182.5;122;8.21;8;3;2.16;2;0
MO;138;415;408-1340;0;1;29;190.1;87;32.32;223.2;123;18.97;256.2;130;11.53;14.2;6;3.83;0;0
DC;141;415;333-9511;0;1;37;185.4;87;31.52;178.5;128;15.17;218.3;107;9.82;8;3;2.16;4;0
MA;112;415;358-7379;0;1;17;183.2;95;31.14;252.8;125;21.49;156.7;95;7.05;9.7;3;2.62;0;0
NH;117;510;397-1766;1;0;0;54.2;100;9.21;303.2;84;25.77;171.8;84;7.73;8.6;2;2.32;1;1
IA;1;408;331-2144;0;1;26;208;115;35.36;185;113;15.73;177.7;144;8;8.1;9;2.19;1;0
AL;70;415;345-7014;0;0;0;230.3;110;39.15;77.9;87;6.62;247.1;105;11.12;13.2;4;3.56;1;0
OR;87;510;395-1898;0;1;22;240.8;102;40.94;75.9;106;6.45;224.6;115;10.11;7.1;3;1.92;2;0
WV;52;510;373-8920;0;1;21;195.7;119;33.27;106.2;95;9.03;157.4;94;7.08;5.3;3;1.43;2;0
WA;97;408;373-8908;0;0;0;276.1;82;46.94;201.1;106;17.09;231.3;73;10.41;8.9;4;2.4;0;1
NV;105;408;415-1203;0;0;0;166.1;93;28.24;175.9;106;14.95;243.5;55;10.96;16.2;3;4.37;2;0
SC;77;510;369-7017;0;1;28;135.9;117;23.1;244.5;102;20.78;207.5;74;9.34;11.5;3;3.11;4;1
NC;80;415;420-8435;1;0;0;189.1;122;32.15;223.2;92;18.97;269;116;12.11;13.9;3;3.75;2;1
NH;120;510;395-2579;0;1;43;177.9;117;30.24;175.1;70;14.88;161.3;117;7.26;11.5;4;3.11;1;0
WY;54;408;405-7850;0;1;39;143.9;73;24.46;210.3;117;17.88;129.2;117;5.81;12.5;8;3.38;2;0
FL;148;510;394-7710;1;0;0;148.2;138;25.19;159.6;123;13.57;197.4;62;8.88;8.6;3;2.32;2;0
PA;119;408;342-4122;0;0;0;287.1;115;48.81;159.3;99;13.54;216.8;86;9.76;13.9;1;3.75;2;1
NC;162;408;340-1876;0;1;26;179.7;144;30.55;218.1;129;18.54;212.3;105;9.55;9.3;8;2.51;1;1
MO;85;510;383-6095;0;0;0;165.8;96;28.19;190;141;16.15;144;116;6.48;10.9;3;2.94;5;1
KS;101;510;413-1061;0;1;25;144.1;144;24.5;167.6;105;14.25;240;107;10.8;14.5;3;3.92;1;0
KY;172;415;343-5347;0;0;0;172.5;85;29.33;253.1;71;21.51;221.6;113;9.97;5.9;6;1.59;0;0
DE;80;415;376-4861;0;0;0;199.8;138;33.97;167.1;91;14.2;271.8;94;12.23;5.5;4;1.49;1;0
WI;67;510;417-2265;0;0;0;109.1;134;18.55;142.3;76;12.1;91.2;86;4.1;10.9;5;2.94;2;0
CO;86;408;419-7415;0;0;0;171.8;106;29.21;301.7;44;25.64;139.4;108;6.27;9.7;5;2.62;1;0
NM;107;415;407-2259;0;0;0;222.3;101;37.79;286;111;24.31;249.4;117;11.22;12.1;4;3.27;1;1
DE;133;510;333-2906;0;0;0;245.8;102;41.79;264.7;90;22.5;111.7;103;5.03;11.2;7;3.02;0;0
IL;116;510;360-7477;0;0;0;164.6;110;27.98;270.6;103;23;230.4;109;10.37;8;3;2.16;0;0
WA;63;408;342-5243;0;0;0;211.7;107;35.99;271.7;77;23.09;203.3;108;9.15;7.4;7;2;0;0
MA;119;408;417-3999;1;1;16;147.2;103;25.02;160.1;96;13.61;184;120;8.28;7.7;2;2.08;0;1
OH;133;408;379-1720;1;0;0;254.7;103;43.3;252.2;80;21.44;178.1;103;8.01;8;3;2.16;0;1
TN;94;408;368-3117;1;0;0;170.1;113;28.92;271.8;94;23.1;110.7;78;4.98;8.7;4;2.35;1;0
MA;69;510;352-5000;0;0;0;195.1;91;33.17;261.5;57;22.23;203.8;90;9.17;11.4;5;3.08;0;0
MI;146;408;405-7676;0;0;0;149.3;83;25.38;187.1;130;15.9;149.8;100;6.74;7.9;4;2.13;7;1
TX;119;510;361-2349;0;0;0;81.9;75;13.92;253.8;114;21.57;213.1;125;9.59;8.9;1;2.4;2;1
NH;142;408;383-2901;1;1;25;191.1;109;32.49;149.6;120;12.72;227.8;60;10.25;9.8;3;2.65;0;0
MD;123;408;369-7049;0;0;0;206.9;115;35.17;224.4;86;19.07;197.4;60;8.88;8.3;2;2.24;3;0
MS;101;408;387-5533;0;0;0;239;156;40.63;273;106;23.21;278.2;93;12.52;13.5;8;3.65;1;1
AZ;43;415;362-3660;0;0;0;179.3;97;30.48;252.7;126;21.48;227.5;114;10.24;8;5;2.16;0;0
IN;69;408;357-3577;0;0;0;185.3;91;31.5;219.1;88;18.62;243.6;107;10.96;5.5;5;1.49;0;0
NY;15;510;394-3312;1;0;0;141.4;80;24.04;123.9;76;10.53;323.5;88;14.56;8.1;3;2.19;2;0
WI;107;510;395-8330;0;1;25;248.6;91;42.26;119.3;115;10.14;194.3;83;8.74;12;1;3.24;1;0
WV;67;510;373-8895;0;0;0;152.5;131;25.93;252.4;107;21.45;185.4;104;8.34;4.9;3;1.32;2;0
NY;99;415;386-4581;0;0;0;145.6;102;24.75;230.9;87;19.63;181.5;86;8.17;11.4;7;3.08;1;0
OK;46;415;354-8191;0;0;0;164.2;116;27.91;196.2;153;16.68;236.1;119;10.62;8.1;1;2.19;1;0
NC;55;408;359-7562;1;0;0;221;115;37.57;165.4;97;14.06;235.4;117;10.59;9.7;4;2.62;1;0
KY;39;415;359-4336;0;0;0;295.4;126;50.22;232.1;117;19.73;204.4;123;9.2;11.5;2;3.11;1;1
TX;92;510;336-9901;0;0;0;139.8;98;23.77;174.9;143;14.87;201.6;135;9.07;9.4;7;2.54;2;0
CT;56;415;406-3069;0;0;0;162.3;99;27.59;149.1;78;12.67;255.5;115;11.5;14.8;1;4;4;1
NE;76;415;334-6519;0;0;0;272.7;97;46.36;236.4;95;20.09;235.5;105;10.6;7.7;2;2.08;0;1
HI;132;408;361-8113;1;1;33;200.3;75;34.05;226.6;67;19.26;198.8;91;8.95;12.9;3;3.48;2;0
SC;140;510;347-9769;0;1;28;157.1;77;26.71;172.4;97;14.65;184.5;94;8.3;11.1;9;3;1;0
AK;51;510;352-9130;1;1;12;135.8;60;23.09;200.6;134;17.05;192.4;98;8.66;12.3;7;3.32;2;0
SD;27;408;378-4557;0;0;0;236.7;110;40.24;231.9;92;19.71;164.7;85;7.41;12.7;6;3.43;1;0
ID;224;510;360-8919;0;0;0;111.4;133;18.94;175;66;14.88;217.2;106;9.77;5.5;6;1.49;3;0
OK;105;510;405-4109;1;1;28;156.1;89;26.54;107.1;114;9.1;167.7;95;7.55;14.7;3;3.97;0;1
WA;117;408;381-2498;0;0;0;191.1;93;32.49;282.8;56;24.04;84.8;118;3.82;12;4;3.24;2;0
SD;91;415;357-5696;0;0;0;153;123;26.01;141.1;127;11.99;171.5;76;7.72;10.3;15;2.78;1;1
OH;135;415;412-2947;0;0;0;218.8;123;37.2;242.8;64;20.64;85.8;80;3.86;10.3;3;2.78;4;0
VA;146;415;363-3571;0;0;0;205.4;101;34.92;134.9;77;11.47;310.5;83;13.97;10.3;2;2.78;3;0
WI;147;415;405-5403;1;0;0;225.2;111;38.28;184.9;98;15.72;143.2;146;6.44;9.9;1;2.67;0;1
IN;68;510;330-9354;0;0;0;249.9;127;42.48;254.5;118;21.63;273.2;98;12.29;8.9;6;2.4;2;1
NM;68;408;396-7091;0;0;0;131.6;89;22.37;137;109;11.65;256.3;107;11.53;10.2;5;2.75;3;0
HI;86;408;398-3004;0;1;21;197.9;99;33.64;165.6;100;14.08;208;120;9.36;10.1;9;2.73;0;0
KY;131;415;400-4020;0;0;0;166.5;129;28.31;210.2;107;17.87;257.2;93;11.57;9.9;5;2.67;1;0
OH;86;415;356-3448;0;1;29;225.4;79;38.32;187.1;112;15.9;281.1;112;12.65;12.9;3;3.48;1;0
VT;159;415;335-2019;0;0;0;275.8;103;46.89;189.5;108;16.11;223.9;93;10.08;7.4;5;2;2;1
AZ;134;415;332-6633;0;1;40;142.9;105;24.29;88.6;61;7.53;290;96;13.05;10.8;6;2.92;1;0
VT;113;510;359-7648;0;0;0;207.2;113;35.22;256;80;21.76;211;87;9.49;9.9;1;2.67;1;0
MO;132;408;412-9190;0;0;0;206.2;100;35.05;211.2;118;17.95;196.2;122;8.83;10.2;6;2.75;1;0
AL;85;415;368-9007;0;0;0;210.3;66;35.75;195.8;76;16.64;221.6;82;9.97;11.2;7;3.02;1;0
NJ;93;510;384-5632;1;1;38;225.7;117;38.37;119.6;122;10.17;193.2;125;8.69;14;7;3.78;1;1
WA;174;408;352-6068;0;1;33;167.8;91;28.53;205.3;91;17.45;130;132;5.85;14.5;4;3.92;4;1
NY;61;415;343-9645;0;0;0;197.7;118;33.61;152.2;96;12.94;221;93;9.95;7;3;1.89;2;0
DC;91;415;384-7873;0;1;39;169.8;105;28.87;65.2;116;5.54;144.4;92;6.5;10.9;4;2.94;1;0
NE;88;408;396-2187;0;1;28;190.6;104;32.4;237.3;105;20.17;211.6;116;9.52;9.8;1;2.65;2;0
MA;88;408;383-5109;0;1;45;80.3;140;13.65;153.3;101;13.03;309.2;123;13.91;12.8;3;3.46;2;0
VT;195;415;377-7843;0;1;36;231.7;110;39.39;225.1;88;19.13;201.7;89;9.08;12.1;2;3.27;0;0
NM;182;415;382-7999;0;0;0;69.1;114;11.75;230.3;109;19.58;256.7;96;11.55;6.5;4;1.76;0;0
CO;118;408;328-1222;0;0;0;188.8;60;32.1;217.4;64;18.48;220.1;100;9.9;8.2;7;2.21;4;0
NH;103;408;371-1727;0;0;0;150.6;125;25.6;169.1;126;14.37;221.2;104;9.95;10.4;8;2.81;8;1
IL;65;510;369-8871;0;0;0;192;89;32.64;139.5;88;11.86;187.4;102;8.43;5.5;4;1.49;2;0
UT;61;408;335-9726;0;1;25;163.7;78;27.83;113.2;112;9.62;134.1;118;6.03;9.9;3;2.67;3;0
WV;172;415;357-3709;0;0;0;211.7;100;35.99;198.7;101;16.89;301.7;136;13.58;6.5;9;1.76;1;0
NJ;72;415;422-9964;0;0;0;175.5;103;29.84;132.3;120;11.25;242.9;96;10.93;11.8;3;3.19;1;0
NM;113;510;366-9211;0;0;0;150.1;120;25.52;200.1;85;17.01;266.7;105;12;11;3;2.97;2;0
ND;177;408;384-9033;0;0;0;189.5;99;32.22;176.3;117;14.99;225.9;112;10.17;14.2;2;3.83;1;0
WA;100;408;382-4932;0;0;0;70.8;94;12.04;215.6;102;18.33;230.8;125;10.39;9.5;1;2.57;6;1
NM;67;415;404-7518;0;0;0;215.5;102;36.64;190.7;95;16.21;214.5;106;9.65;8.6;6;2.32;1;0
DE;136;415;353-1954;0;0;0;101.7;105;17.29;202.8;99;17.24;136.2;119;6.13;9.4;6;2.54;3;0
GA;71;415;391-7166;0;0;0;258.4;132;43.93;126.8;119;10.78;182.4;87;8.21;9.7;8;2.62;4;0
HI;134;408;370-9000;0;0;0;242.4;126;41.21;152.9;115;13;318.3;115;14.32;11.8;6;3.19;1;0
CT;124;415;332-3642;0;0;0;131.8;82;22.41;284.3;119;24.17;305.5;101;13.75;11.3;2;3.05;1;0
NJ;84;415;412-3898;0;0;0;190.2;102;32.33;197.7;141;16.8;247.5;102;11.14;9.8;6;2.65;2;0
ME;39;408;366-5640;0;0;0;154.1;104;26.2;204.2;112;17.36;196.2;92;8.83;9.8;4;2.65;2;0
OK;110;510;356-2302;0;0;0;188;127;31.96;90.5;118;7.69;150.3;64;6.76;15.3;3;4.13;3;0
TN;102;510;345-9018;0;0;0;103.1;70;17.53;275;129;23.38;141.1;92;6.35;11.2;5;3.02;1;0
WY;70;415;365-6205;0;0;0;175.4;130;29.82;159.5;130;13.56;260.6;96;11.73;11.6;4;3.13;0;0
NY;142;415;337-1151;0;0;0;145.4;93;24.72;209.1;98;17.77;214;96;9.63;10.9;1;2.94;1;0
DE;81;510;374-4664;1;0;0;250.6;85;42.6;187.9;50;15.97;120.3;131;5.41;7.8;5;2.11;1;0
RI;17;415;396-9656;0;0;0;161.5;123;27.46;214.2;81;18.21;315;106;14.18;8.6;5;2.32;1;0
PA;119;408;377-5043;0;0;0;260.1;101;44.22;256.5;68;21.8;229.1;89;10.31;10;2;2.7;1;1
HI;105;415;401-7359;0;0;0;281.3;124;47.82;301.5;96;25.63;202.8;109;9.13;8.7;3;2.35;0;1
MD;108;415;375-2184;1;1;42;130.1;90;22.12;167;128;14.2;244.7;80;11.01;13.6;5;3.67;3;1
VA;90;415;367-6005;0;0;0;102;118;17.34;113.3;134;9.63;188.6;105;8.49;11.4;3;3.08;2;0
IN;100;415;364-2166;0;1;33;218.7;104;37.18;155;144;13.18;99;117;4.46;12.1;4;3.27;1;0
OR;155;408;414-4741;0;1;30;128.5;86;21.85;188.4;91;16.01;254.4;85;11.45;6.8;6;1.84;1;0
AZ;113;510;403-9719;0;0;0;128.7;100;21.88;227.1;67;19.3;178.1;135;8.01;9.2;4;2.48;2;1
WI;123;415;371-8452;0;0;0;172.2;92;29.27;162.6;76;13.82;250.3;101;11.26;8.7;4;2.35;1;0
VA;145;408;392-6239;0;0;0;199.2;124;33.86;126;86;10.71;289.2;135;13.01;7.6;3;2.05;1;0
MO;42;415;410-5250;0;0;0;184.5;98;31.37;200.5;93;17.04;279.2;91;12.56;8.8;3;2.38;2;0
NV;125;510;336-1574;0;0;0;168.6;99;28.66;175.6;107;14.93;243.3;92;10.95;10.9;7;2.94;0;0
HI;131;415;406-8324;0;1;30;174;118;29.58;205.3;81;17.45;218.2;90;9.82;6.7;3;1.81;1;0
WA;107;415;411-7110;0;0;0;230.4;65;39.17;257.4;80;21.88;107.3;88;4.83;8.5;3;2.3;1;0
IL;48;408;341-9907;0;0;0;198.2;73;33.69;202.8;115;17.24;146.4;73;6.59;5.1;5;1.38;1;0
IL;76;510;400-8952;0;0;0;186.1;96;31.64;211.6;100;17.99;230.6;100;10.38;8;4;2.16;0;0
LA;128;415;333-9266;0;0;0;148.5;105;25.25;243;106;20.66;255.2;114;11.48;6.8;2;1.84;1;0
WI;73;415;419-4894;0;0;0;157.1;109;26.71;268.8;83;22.85;181.5;91;8.17;10;8;2.7;0;0
TX;52;415;364-9904;0;0;0;155;110;26.35;133.4;104;11.34;176.1;84;7.92;7;4;1.89;4;1
MI;126;415;394-3048;1;1;26;129.3;123;21.98;176.5;114;15;154.5;102;6.95;9.6;7;2.59;1;0
NC;124;415;352-6265;0;0;0;188.5;77;32.05;182;123;15.47;218.2;127;9.82;6.1;6;1.65;1;0
WA;137;408;357-3187;0;0;0;208.8;120;35.5;225.3;100;19.15;221.6;130;9.97;11.1;5;3;0;0
ND;71;510;373-8483;0;0;0;238;82;40.46;278.5;94;23.67;193.1;134;8.69;11.8;10;3.19;0;1
NE;139;415;375-9930;0;0;0;211.1;103;35.89;206.9;108;17.59;193.9;70;8.73;5.6;4;1.51;0;0
MS;107;510;352-6282;0;1;30;198.9;87;33.81;207;90;17.6;159.8;76;7.19;12.6;4;3.4;3;0
KY;147;408;396-2945;0;0;0;212.8;79;36.18;204.1;91;17.35;156.2;113;7.03;10.2;2;2.75;1;0
RI;116;510;412-3527;0;0;0;137.4;126;23.36;120;94;10.2;130.3;64;5.86;12.4;2;3.35;3;0
NY;60;510;328-4231;0;1;31;191.8;75;32.61;267.8;135;22.76;200.5;62;9.02;12.8;3;3.46;2;0
TX;38;510;413-9055;0;0;0;149;92;25.33;49.2;78;4.18;163.3;93;7.35;13.9;11;3.75;0;0
DE;63;408;363-8755;0;0;0;117.1;118;19.91;249.6;90;21.22;162.2;84;7.3;11.1;4;3;3;0
NM;94;415;388-8891;0;0;0;108;79;18.36;241.9;152;20.56;252.1;92;11.34;10.4;3;2.81;3;0
RI;131;415;360-1776;0;0;0;112.8;133;19.18;199.4;116;16.95;142.7;105;6.42;10.1;5;2.73;0;0
MS;158;510;411-3578;0;0;0;175.9;105;29.9;188.3;88;16.01;188.3;98;8.47;11;6;2.97;1;0
NY;139;510;399-7268;0;0;0;236.6;109;40.22;169.9;107;14.44;212.3;118;9.55;11.1;2;3;1;1
NE;77;415;350-1532;0;0;0;169.4;102;28.8;184.9;144;15.72;234.3;89;10.54;2;7;0.54;1;0
WI;140;415;359-2197;0;0;0;129.6;79;22.03;246.2;99;20.93;172.1;124;7.74;9.4;10;2.54;3;0
KY;72;408;407-9290;0;0;0;177.1;97;30.11;184.7;105;15.7;174.1;94;7.83;8;6;2.16;1;0
SD;52;510;358-6672;0;1;20;133.3;63;22.66;184.1;123;15.65;272.9;107;12.28;13.5;2;3.65;1;0
VA;103;510;393-4621;0;0;0;167.8;121;28.53;212.9;123;18.1;208.2;73;9.37;13;3;3.51;5;0
KS;74;415;336-7357;0;1;32;174.6;107;29.68;310.6;115;26.4;234.7;92;10.56;9;4;2.43;1;0
ND;124;415;351-1466;0;0;0;150.3;101;25.55;255.9;112;21.75;136.7;62;6.15;12.5;4;3.38;2;0
CO;85;510;394-6668;0;1;21;283.2;110;48.14;239.7;108;20.37;149.5;80;6.73;6.3;1;1.7;5;0
KY;113;408;403-2673;0;1;20;157.8;83;26.83;161.5;56;13.73;271.5;100;12.22;8.7;2;2.35;5;1
WA;71;408;355-1735;0;0;0;141.2;132;24;149.1;90;12.67;171.4;72;7.71;7;2;1.89;2;0
NV;177;415;416-7679;0;1;27;230.2;106;39.13;196.1;78;16.67;215.4;108;9.69;10.4;2;2.81;1;0
SC;49;415;340-4972;1;0;0;237.8;92;40.43;208.9;119;17.76;167.8;86;7.55;15.6;6;4.21;2;1
RI;106;510;417-4826;1;0;0;204;84;34.68;168.5;61;14.32;164;102;7.38;13.3;3;3.59;3;1
ID;60;510;408-6676;0;0;0;221.1;106;37.59;178.6;48;15.18;202.7;90;9.12;7.4;3;2;1;0
KY;43;408;417-6683;0;0;0;177.2;93;30.12;142.6;60;12.12;314.1;144;14.13;12.7;2;3.43;4;0
ME;66;510;331-6270;0;0;0;118;133;20.06;248.1;99;21.09;214.4;122;9.65;5.3;5;1.43;1;0
SD;125;415;404-9754;0;0;0;163.8;73;27.85;255.6;85;21.73;192.9;95;8.68;15.7;4;4.24;0;0
SC;114;510;364-9425;0;1;4;141.3;96;24.02;230.4;88;19.58;223.7;85;10.07;9.4;3;2.54;3;0
TN;112;415;339-6477;0;0;0;272.5;119;46.33;226.1;94;19.22;159.1;94;7.16;16.4;5;4.43;3;1
MT;101;408;362-2787;0;1;16;118.9;112;20.21;228.3;97;19.41;180.1;111;8.1;8.2;5;2.21;2;0
WI;70;415;405-9233;0;0;0;7.9;100;1.34;136.4;83;11.59;156.6;89;7.05;12.1;1;3.27;0;0
AK;59;408;416-1845;0;0;0;159.5;96;27.12;167.2;123;14.21;138.6;106;6.24;10.2;4;2.75;0;0
AZ;59;408;385-9657;0;0;0;150.2;70;25.53;185.7;98;15.78;212.5;128;9.56;12.1;2;3.27;1;0
MT;124;415;420-5652;0;1;30;144.5;35;24.57;262.3;101;22.3;226.5;82;10.19;12;7;3.24;2;0
DE;99;415;415-1141;0;0;0;140.7;88;23.92;210.9;98;17.93;229.9;125;10.35;12.4;4;3.35;2;0
VA;150;510;334-5634;0;0;0;169.2;123;28.76;216.8;83;18.43;179.4;107;8.07;12.6;3;3.4;1;0
MA;81;510;403-4200;0;0;0;220.8;77;37.54;148.5;87;12.62;183.9;100;8.28;7.6;3;2.05;2;0
IN;86;510;357-7893;0;0;0;216.3;96;36.77;266.3;77;22.64;214;110;9.63;4.5;3;1.22;0;0
MD;84;510;369-2899;0;0;0;169.5;96;28.82;157.6;94;13.4;98.2;70;4.42;10.6;7;2.86;0;0
NV;118;510;381-1026;0;1;35;256.3;119;43.57;258.1;91;21.94;215.5;130;9.7;11.7;1;3.16;1;0
CO;89;415;388-8722;0;0;0;179.7;128;30.55;299.8;92;25.48;185.3;120;8.34;7.6;3;2.05;1;0
KS;93;415;418-3135;0;0;0;266;120;45.22;130.1;84;11.06;165.8;63;7.46;13.1;6;3.54;3;0
AR;85;415;380-3974;0;0;0;96.7;97;16.44;193.8;95;16.47;171.7;88;7.73;9.7;3;2.62;2;0
WY;160;408;338-7232;0;0;0;82.7;116;14.06;194.6;95;16.54;159;54;7.15;10.9;9;2.94;0;0
PA;28;415;334-5223;0;0;0;168.2;87;28.59;161.7;92;13.74;192.4;112;8.66;10.1;3;2.73;3;0
TX;73;408;340-8323;0;0;0;286.4;109;48.69;178.2;67;15.15;214.2;152;9.64;10.7;14;2.89;1;1
NY;156;408;337-6851;0;0;0;174.3;95;29.63;186.6;128;15.86;258.2;105;11.62;12.9;5;3.48;3;0
OR;33;415;344-5973;1;0;0;190.6;100;32.4;161.7;104;13.74;189.9;136;8.55;13;6;3.51;1;0
CA;77;510;335-2261;0;0;0;175.5;86;29.84;205.1;78;17.43;245.2;100;11.03;17.8;3;4.81;4;0
NY;119;415;343-1458;0;0;0;133.4;102;22.68;204.6;71;17.39;196.9;103;8.86;11.1;7;3;1;0
AR;91;510;415-4875;0;1;27;204.6;96;34.78;136;93;11.56;210.5;82;9.47;6.6;2;1.78;3;0
MI;102;510;381-2726;0;0;0;242.2;88;41.17;233.2;89;19.82;188.5;121;8.48;6.2;6;1.67;3;0
OK;86;415;395-3852;0;1;33;253.1;112;43.03;210.1;94;17.86;95;98;4.27;11.9;4;3.21;3;0
TX;82;415;358-7914;0;0;0;130;110;22.1;185.3;88;15.75;178.7;105;8.04;8.3;4;2.24;0;0
NC;89;408;332-6958;0;0;0;105.9;151;18;189.6;142;16.12;170.9;67;7.69;12.7;7;3.43;0;0
ID;86;415;355-1019;0;0;0;194.2;98;33.01;193.8;95;16.47;192;123;8.64;9.3;7;2.51;3;0
IL;134;408;382-9447;0;0;0;183.8;111;31.25;123.5;92;10.5;160.7;105;7.23;6.1;2;1.65;1;0
OR;92;415;386-8536;0;0;0;196.5;82;33.41;190;89;16.15;163.2;99;7.34;10.8;2;2.92;2;0
SD;87;510;363-3818;0;0;0;184.5;81;31.37;172;103;14.62;183.4;96;8.25;13.7;3;3.7;3;0
NE;64;408;360-6416;0;0;0;261.9;113;44.52;148.1;99;12.59;145.2;74;6.53;13.8;4;3.73;0;0
RI;80;510;332-8764;0;0;0;202.4;118;34.41;260.2;67;22.12;177.4;112;7.98;9.2;5;2.48;3;0
MD;165;415;398-4814;0;1;39;167.4;113;28.46;172.7;94;14.68;192.6;113;8.67;9.5;4;2.57;3;0
ID;153;415;410-5963;0;1;22;167.7;104;28.51;246.8;91;20.98;203.9;117;9.18;7.5;11;2.03;1;0
ME;41;415;399-6642;0;1;30;191.7;109;32.59;193;86;16.41;149.4;93;6.72;11.1;4;3;1;0
SD;108;415;390-9986;0;0;0;240.2;78;40.83;230.3;109;19.58;217;83;9.76;5.2;1;1.4;2;0
NY;104;415;391-1793;0;1;26;189.1;112;32.15;178.2;97;15.15;199.3;104;8.97;11.1;4;3;1;0
DE;115;408;352-5542;0;0;0;127.7;67;21.71;182.9;90;15.55;172.9;92;7.78;10.6;7;2.86;1;0
OK;87;415;386-8118;0;0;0;205.2;106;34.88;99.5;122;8.46;189.5;75;8.53;13.4;3;3.62;1;0
SC;159;415;394-9825;0;1;23;153.6;93;26.11;216.9;88;18.44;161.3;91;7.26;12.6;3;3.4;2;0
IN;119;510;382-4952;0;0;0;154.5;129;26.27;193.6;87;16.46;180.9;145;8.14;13.4;3;3.62;2;0
NV;69;415;387-2698;0;0;0;153.7;109;26.13;194;105;16.49;256.1;114;11.52;14.1;6;3.81;1;0
IL;87;408;417-1360;1;1;36;171.2;138;29.1;185.8;102;15.79;227.6;97;10.24;10.8;3;2.92;1;0
SD;93;510;408-4836;0;0;0;328.1;106;55.78;151.7;89;12.89;303.5;114;13.66;8.7;3;2.35;1;1
OK;154;415;374-8329;1;0;0;145.9;69;24.8;208.2;141;17.7;180.9;106;8.14;14.4;10;3.89;0;1
KS;57;415;363-8424;0;1;37;201.2;76;34.2;280.1;122;23.81;154.2;110;6.94;11.8;1;3.19;1;0
IA;130;510;408-8910;0;0;0;139.1;72;23.65;246;112;20.91;207.2;121;9.32;11.4;9;3.08;5;0
NJ;151;415;399-3840;0;0;0;118.9;128;20.21;278.3;65;23.66;194.8;61;8.77;13.2;10;3.56;2;0
NJ;162;408;367-8692;0;0;0;217.6;87;36.99;279;71;23.72;250.7;65;11.28;10.4;4;2.81;2;1
MT;60;415;387-4504;0;0;0;145;133;24.65;209.1;92;17.77;328.5;112;14.78;14.6;2;3.94;1;0
IA;81;510;328-2647;0;0;0;203.5;89;34.6;289.6;69;24.62;212.9;71;9.58;8.7;3;2.35;3;0
WA;132;415;369-7903;0;0;0;240.1;115;40.82;180.4;91;15.33;133.4;122;6;8;6;2.16;3;0
NE;86;408;399-6852;0;0;0;83.8;121;14.25;240.2;96;20.42;158.6;108;7.14;6.7;8;1.81;1;0
TX;136;408;335-4888;0;0;0;269.8;106;45.87;228.8;101;19.45;257.5;106;11.59;10.1;8;2.73;1;1
MS;121;415;344-2260;0;1;21;126.3;84;21.47;209.6;102;17.82;192.5;129;8.66;10.6;2;2.86;1;0
IA;105;510;349-4070;0;1;15;88.1;125;14.98;175.9;142;14.95;269.9;85;12.15;9.7;1;2.62;2;0
WI;105;415;394-6505;0;1;34;218.5;61;37.15;196.7;74;16.72;151.1;103;6.8;9.9;4;2.67;2;0
MT;51;415;419-3612;0;1;26;236.8;61;40.26;263.4;97;22.39;181.1;91;8.15;11.2;8;3.02;1;0
GA;64;408;356-1952;0;0;0;124.1;117;21.1;192.8;108;16.39;162.9;84;7.33;6.4;5;1.73;3;0
MT;80;510;416-7866;1;1;30;184.2;132;31.31;167.5;109;14.24;212.8;114;9.58;10;10;2.7;0;0
ND;56;415;398-1759;0;0;0;222.7;133;37.86;277;89;23.55;101.8;94;4.58;13.6;4;3.67;4;0
VT;120;415;338-9950;0;0;0;149.2;98;25.36;193.6;88;16.46;248.9;119;11.2;11.1;5;3;1;0
SD;103;510;412-7278;0;0;0;206.5;125;35.11;180.2;113;15.32;220.6;95;9.93;12.2;4;3.29;3;0
OH;164;510;347-1263;0;1;27;159.7;102;27.15;168.8;113;14.35;244.1;127;10.98;9.6;9;2.59;3;0
OH;116;415;386-5684;0;1;27;204.7;118;34.8;209.4;91;17.8;212.9;67;9.58;7;2;1.89;2;0
MT;121;408;334-4354;0;0;0;213.2;79;36.24;120.7;116;10.26;244.4;102;11;7.5;4;2.03;1;0
IL;55;415;398-5970;1;0;0;269.6;121;45.83;171.7;91;14.59;219;98;9.86;8.2;6;2.21;1;0
NV;183;415;330-3429;0;0;0;116.7;92;19.84;213.8;112;18.17;214.3;112;9.64;9.7;6;2.62;2;0
UT;104;408;418-4637;0;0;0;263.4;101;44.78;235.5;117;20.02;102;146;4.59;13;4;3.51;0;0
NH;90;408;393-7322;0;0;0;140.2;97;23.83;213.9;102;18.18;120;126;5.4;7.1;2;1.92;1;0
LA;82;415;353-5557;0;0;0;197.7;101;33.61;127.6;83;10.85;142.1;103;6.39;13.5;3;3.65;1;0
VT;101;415;411-5334;0;0;0;136.2;92;23.15;220.9;110;18.78;196.9;116;8.86;13.3;7;3.59;3;0
NY;9;415;398-8588;0;1;16;88.5;87;15.05;178.8;108;15.2;228.7;96;10.29;11.5;3;3.11;2;0
CT;97;415;374-7285;0;0;0;215.3;58;36.6;242.4;91;20.6;279.8;105;12.59;12.1;9;3.27;0;0
KS;94;408;379-7215;0;0;0;269.2;104;45.76;193.8;144;16.47;257.6;61;11.59;8.9;2;2.4;3;1
MI;127;510;357-7875;0;1;25;203.8;118;34.65;267.1;48;22.7;225.1;105;10.13;7.3;5;1.97;0;0
SD;125;510;393-9677;0;1;34;268.4;112;45.63;222.2;108;18.89;117.6;102;5.29;10.3;3;2.78;0;0
ME;140;415;345-9598;0;0;0;159.1;104;27.05;269.8;106;22.93;220.4;116;9.92;10.3;4;2.78;1;0
MD;90;415;353-3203;0;0;0;114.4;122;19.45;127.7;154;10.85;253.1;109;11.39;10.1;5;2.73;2;0
VA;67;415;330-7486;0;0;0;138.9;65;23.61;208.9;109;17.76;232.4;82;10.46;9.2;3;2.48;2;0
NJ;113;415;397-6425;0;0;0;186;55;31.62;237.4;105;20.18;148.1;83;6.66;12.2;6;3.29;1;0
TN;121;510;338-1815;0;1;26;170.4;91;28.97;254.5;90;21.63;219.6;122;9.88;15.1;5;4.08;0;0
DC;93;408;406-5023;0;0;0;164.5;95;27.97;230.9;87;19.63;149.9;91;6.75;9.9;3;2.67;4;0
DC;121;408;368-2458;0;0;0;168.6;121;28.66;168.6;94;14.33;95.3;59;4.29;12.3;4;3.32;1;0
OR;53;408;400-8375;0;0;0;261.2;119;44.4;250.8;105;21.32;176;112;7.92;9.8;2;2.65;0;1
RI;75;415;387-8201;0;0;0;190.5;91;32.39;178.4;75;15.16;162.4;113;7.31;13.1;5;3.54;1;0
AK;132;510;346-4360;0;0;0;181.1;121;30.79;314.4;109;26.72;246.7;81;11.1;4.2;9;1.13;2;0
WI;162;408;412-8811;0;0;0;177.1;131;30.11;114.7;122;9.75;153.6;88;6.91;6.5;6;1.76;3;0
IN;140;415;413-3990;0;0;0;160.5;114;27.29;240.5;103;20.44;233.5;121;10.51;11.3;4;3.05;1;0
MI;91;408;345-2448;0;0;0;134.7;116;22.9;295.3;98;25.1;195.5;121;8.8;6.6;5;1.78;2;0
ID;73;510;394-4512;0;1;28;198.2;107;33.69;139.1;123;11.82;199.1;139;8.96;8.8;1;2.38;2;0
NH;95;408;400-8538;1;0;0;228.9;134;38.91;255.7;71;21.73;208;120;9.36;10.1;2;2.73;4;1
MN;145;408;412-8769;0;0;0;241.7;137;41.09;135.8;100;11.54;277.6;123;12.49;13.1;3;3.54;0;0
AZ;100;415;390-1552;0;0;0;131.1;108;22.29;176.2;81;14.98;89.7;81;4.04;4.3;4;1.16;1;0
MN;122;415;389-2477;0;0;0;234.1;101;39.8;200.2;121;17.02;237.4;89;10.68;13.1;9;3.54;2;0
MO;109;415;389-4695;0;0;0;200.1;72;34.02;300.9;120;25.58;236;68;10.62;11.9;5;3.21;0;0
AL;82;408;406-8037;0;0;0;154;107;26.18;94.4;114;8.02;287.6;95;12.94;10.1;7;2.73;1;0
PA;65;415;382-9138;0;1;23;224.2;106;38.11;189.6;100;16.12;222.8;75;10.03;9.8;4;2.65;0;0
AK;52;510;414-7942;0;0;0;148.3;83;25.21;181.6;79;15.44;155.6;104;7;8.3;6;2.24;3;0
MS;136;415;348-7071;0;1;24;174.6;76;29.68;176.6;114;15.01;214.4;91;9.65;8.8;5;2.38;2;0
IA;75;415;404-2942;0;0;0;138.5;110;23.55;153.2;86;13.02;215.6;103;9.7;11.1;7;3;1;0
WY;146;408;348-3581;0;0;0;109;69;18.53;265.8;98;22.59;228.3;80;10.27;12.6;2;3.4;1;0
NE;105;408;327-6764;0;0;0;162.3;99;27.59;212.5;95;18.06;214.7;114;9.66;11.1;8;3;4;0
ND;48;415;405-2831;0;0;0;210.8;84;35.84;189.6;98;16.12;157.6;99;7.09;16.4;3;4.43;2;0
CT;45;415;416-4351;0;0;0;142.4;107;24.21;318.7;78;27.09;224.1;108;10.08;11.1;7;3;1;0
NC;106;415;419-3196;0;1;37;223.5;104;38;235.1;99;19.98;140.1;90;6.3;10.6;5;2.86;2;0
CT;33;510;411-6211;0;0;0;182.5;65;31.03;232.1;96;19.73;149.2;82;6.71;7.5;2;2.03;2;0
ND;68;408;391-8369;0;0;0;219.6;97;37.33;141.1;144;11.99;205.7;101;9.26;10.8;4;2.92;2;0
WA;106;408;416-4464;0;0;0;193.6;66;32.91;238.2;82;20.25;176.4;107;7.94;12.9;3;3.48;0;0
NV;141;415;347-1814;0;0;0;192.4;111;32.71;156.9;87;13.34;175.8;82;7.91;11;6;2.97;0;0
CO;98;408;386-7337;0;0;0;236.2;122;40.15;189.4;110;16.1;153.6;104;6.91;13.3;4;3.59;0;0
KS;94;510;375-8505;0;1;28;233.2;88;39.64;113.3;102;9.63;118;71;5.31;16.1;4;4.35;0;0
CO;65;510;407-5056;0;0;0;158.8;53;27;188.5;132;16.02;189.3;87;8.52;9.8;4;2.65;2;0
MO;85;415;367-8924;0;0;0;126.1;112;21.44;274.7;126;23.35;184.4;95;8.3;9.8;4;2.65;1;0
MA;71;510;419-5171;0;0;0;290.4;108;49.37;253.9;92;21.58;263.3;126;11.85;10.1;5;2.73;3;1
NY;112;408;396-7687;0;1;30;60.6;113;10.3;165.9;96;14.1;132.8;99;5.98;13.3;7;3.59;0;0
AK;110;415;394-4548;0;0;0;148.4;95;25.23;193.8;98;16.47;206;106;9.27;6.9;6;1.86;0;0
WI;111;415;382-6438;0;0;0;246.5;108;41.91;216.3;89;18.39;179.6;99;8.08;12.7;3;3.43;2;0
NH;74;408;413-2194;0;0;0;298.1;112;50.68;201.3;100;17.11;214.7;88;9.66;9.7;4;2.62;2;1
TN;105;510;366-2622;0;0;0;119.3;82;20.28;185.1;111;15.73;157;74;7.07;10.9;4;2.94;2;0
NY;40;408;416-7591;0;0;0;242.5;82;41.23;232.9;97;19.8;154;86;6.93;9.6;7;2.59;0;0
GA;128;408;355-2634;1;1;18;222.1;89;37.76;160.6;109;13.65;218.8;102;9.85;13.6;2;3.67;0;1
MN;123;408;422-5350;0;0;0;236.2;135;40.15;273.9;88;23.28;227;77;10.22;10.1;6;2.73;2;1
MI;122;510;329-2388;0;0;0;144.2;87;24.51;212.2;74;18.04;169.3;87;7.62;9.5;4;2.57;0;0
ID;114;408;381-5273;0;1;19;154.6;100;26.28;241.6;109;20.54;160;112;7.2;12.6;1;3.4;3;0
CT;102;415;421-6694;0;1;25;137.4;100;23.36;176.7;83;15.02;188.2;93;8.47;10.2;6;2.75;2;0
NC;126;415;342-1702;0;0;0;103.7;93;17.63;127;107;10.8;329.3;66;14.82;14.4;1;3.89;0;0
LA;150;415;381-4029;0;0;0;136.6;112;23.22;209.4;81;17.8;161.1;78;7.25;12.2;2;3.29;4;1
NJ;60;408;335-2967;0;0;0;289.8;101;49.27;255.6;115;21.73;242.8;76;10.93;11.7;4;3.16;2;1
TX;123;408;416-6594;0;0;0;260.9;85;44.35;168.5;103;14.32;178.3;91;8.02;13.3;5;3.59;3;0
CA;138;510;388-6026;1;0;0;196.2;129;33.35;176.5;86;15;232.4;108;10.46;15.2;1;4.1;0;1
MD;29;510;367-1024;0;0;0;195.6;71;33.25;126.4;74;10.74;148.6;87;6.69;14.2;4;3.83;1;0
WY;111;415;386-7118;0;0;0;222.2;96;37.77;162.5;111;13.81;184.9;120;8.32;11.9;7;3.21;4;0
TX;37;510;346-2020;1;0;0;172.9;119;29.39;183;86;15.56;226.4;100;10.19;9.8;1;2.65;0;1
CA;111;408;329-9067;0;0;0;249.8;109;42.47;242.4;106;20.6;231.8;78;10.43;11.6;4;3.13;0;1
UT;81;510;329-6144;0;0;0;154.5;84;26.27;216.2;91;18.38;229.8;82;10.34;13.7;3;3.7;1;0
WA;46;510;332-1502;0;0;0;90.4;108;15.37;276.2;77;23.48;146.5;111;6.59;12.7;2;3.43;1;0
MS;69;510;342-8320;0;1;27;268.8;78;45.7;246.6;89;20.96;271.9;102;12.24;16.4;3;4.43;0;0
OH;125;408;411-5748;0;0;0;106.1;95;18.04;157.6;113;13.4;192.5;69;8.66;8.1;3;2.19;1;0
KS;43;415;381-9367;0;0;0;27;117;4.59;160.9;97;13.68;279.5;96;12.58;10.7;3;2.89;3;0
RI;127;415;400-1280;0;1;27;140.1;59;23.82;223.4;111;18.99;257.9;73;11.61;3.8;10;1.03;1;0
IN;94;510;360-5794;0;0;0;245;112;41.65;180.4;91;15.33;262.9;105;11.83;9.7;6;2.62;1;0
VT;46;408;373-3538;0;0;0;196.7;85;33.44;205.9;74;17.5;216.6;112;9.75;11.2;5;3.02;3;0
MT;73;408;394-9942;0;1;26;131.2;98;22.3;106.5;97;9.05;221.7;96;9.98;10.2;6;2.75;2;0
CT;146;408;380-3329;0;1;23;149.6;96;25.43;239.8;124;20.38;293.5;135;13.21;7.4;4;2;2;0
NM;93;415;334-7618;0;0;0;239.8;70;40.77;251.8;99;21.4;168.6;112;7.59;10.9;10;2.94;1;0
OH;52;408;327-9289;0;1;31;142.1;77;24.16;193;97;16.41;253.4;88;11.4;11;4;2.97;1;0
GA;202;510;351-2589;0;0;0;115.4;137;19.62;178.7;70;15.19;185.7;113;8.36;6;3;1.62;3;0
MN;129;510;368-6892;0;1;31;193;99;32.81;224.8;87;19.11;197.6;91;8.89;10.3;8;2.78;2;0
CT;94;415;337-9303;0;0;0;206.1;49;35.04;224.6;115;19.09;256.7;74;11.55;13;1;3.51;1;0
AL;100;415;377-5258;0;0;0;160.3;138;27.25;221.3;92;18.81;150.4;120;6.77;11.2;2;3.02;0;0
WV;43;415;348-5767;0;0;0;199.9;108;33.98;288.4;80;24.51;180.6;103;8.13;11.3;7;3.05;1;0
NH;130;415;373-3549;0;0;0;213.1;105;36.23;206.2;108;17.53;163.4;93;7.35;8.9;3;2.4;0;0
WY;124;415;422-8344;0;0;0;178.3;102;30.31;235;120;19.98;239.7;119;10.79;10.9;1;2.94;3;0
VA;92;510;411-2958;1;0;0;252.3;120;42.89;207;112;17.6;284.6;95;12.81;12;5;3.24;3;1
VT;48;415;384-2908;0;0;0;197.7;64;33.61;136.7;126;11.62;244.4;81;11;13.2;5;3.56;4;0
OH;98;510;347-6393;0;1;29;111.1;105;18.89;217.9;101;18.52;248.1;108;11.16;6.6;3;1.78;2;0
MT;100;415;385-7148;0;0;0;96.5;86;16.41;210.2;133;17.87;146.4;106;6.59;12.5;3;3.38;1;1
MA;79;415;419-2767;0;0;0;156.9;109;26.67;122.2;87;10.39;189.1;103;8.51;11.3;5;3.05;3;0
VA;164;415;375-1746;0;0;0;123.3;78;20.96;170;85;14.45;165.9;78;7.47;12.7;2;3.43;1;0
NM;105;415;362-7870;0;0;0;193.7;108;32.93;183.2;124;15.57;293.7;72;13.22;10.8;5;2.92;1;0
AR;89;408;410-3725;1;0;0;206.9;134;35.17;167.7;105;14.25;155.7;86;7.01;10.9;4;2.94;0;0
NE;126;415;387-1535;0;0;0;249.8;96;42.47;261.9;92;22.26;166.8;108;7.51;12.7;4;3.43;3;1
WY;96;408;329-2045;0;0;0;144;102;24.48;224.7;73;19.1;227.7;91;10.25;10;7;2.7;1;0
IA;120;415;341-6743;0;1;33;299.5;83;50.92;163.4;84;13.89;146.7;88;6.6;11.6;5;3.13;0;0
SC;212;415;336-8343;0;0;0;226;127;38.42;304.6;83;25.89;181.2;132;8.15;12.6;4;3.4;2;1
NC;72;415;368-5758;0;0;0;137.6;106;23.39;143.5;94;12.2;273.7;110;12.32;9.6;6;2.59;2;0
HI;155;415;346-8362;1;1;26;211.7;121;35.99;139.2;123;11.83;146.7;89;6.6;11.1;3;3;1;0
UT;89;415;345-9690;0;0;0;89.7;80;15.25;179.8;81;15.28;145.7;120;6.56;9.5;4;2.57;2;0
WY;126;408;339-9798;1;0;0;197.6;126;33.59;246.5;112;20.95;285.3;104;12.84;12.5;8;3.38;2;0
AL;172;408;359-5731;0;0;0;270;102;45.9;256.6;111;21.81;168.5;104;7.58;12;5;3.24;2;1
VA;75;415;373-2091;0;0;0;224.7;116;38.2;192;79;16.32;212.2;98;9.55;11.3;11;3.05;3;0
WI;143;510;367-3439;0;0;0;194.3;99;33.03;123.6;133;10.51;229.5;99;10.33;10.2;2;2.75;2;0
FL;166;510;367-1681;1;0;0;47.7;89;8.11;264.4;95;22.47;235.2;97;10.58;13.2;3;3.56;0;1
KS;132;415;420-9973;0;0;0;190.1;105;32.32;182.2;116;15.49;279.8;105;12.59;13;2;3.51;1;0
NV;94;408;351-4025;1;0;0;89.5;94;15.22;339.9;106;28.89;172.9;76;7.78;7.9;1;2.13;1;1
NY;99;415;393-5897;0;0;0;182.6;83;31.04;154.5;111;13.13;196;57;8.82;12.1;5;3.27;0;0
VA;136;415;384-7216;0;1;35;205.5;86;34.94;298.5;119;25.37;214.2;104;9.64;6.9;4;1.86;1;0
KS;119;415;384-4595;0;0;0;231.5;82;39.36;266.9;97;22.69;211;118;9.49;7.4;10;2;1;0
NC;115;510;329-9667;1;0;0;251.3;69;42.72;252.5;96;21.46;118.3;112;5.32;9.9;1;2.67;3;1
MO;160;415;347-5063;0;0;0;171.2;103;29.1;243.5;121;20.7;178.2;92;8.02;13;3;3.51;2;0
ND;166;510;345-8433;0;0;0;197.9;89;33.64;251;113;21.34;138.3;85;6.22;11.2;2;3.02;2;0
CA;120;510;339-7602;0;0;0;134.8;94;22.92;204.1;106;17.35;238.4;109;10.73;6.7;8;1.81;1;0
WV;173;415;332-1109;0;0;0;191.4;114;32.54;168.5;138;14.32;109.3;99;4.92;10.3;3;2.78;1;0
IL;156;415;343-3296;0;0;0;174.5;65;29.67;197.4;116;16.78;238.5;86;10.73;10.6;2;2.86;0;0
NY;70;415;366-2536;0;0;0;177.4;125;30.16;226.2;104;19.23;254.1;72;11.43;10.9;4;2.94;0;0
NV;41;510;355-2293;0;0;0;182.1;89;30.96;211.5;104;17.98;207.4;124;9.33;6.8;1;1.84;1;0
AL;132;408;350-9318;0;0;0;222.4;85;37.81;165.4;76;14.06;208.4;97;9.38;11.2;4;3.02;0;0
KS;47;510;418-5300;1;0;0;47.8;120;8.13;178.9;123;15.21;152.6;96;6.87;13.3;7;3.59;0;1
ND;160;510;395-2626;0;0;0;121.8;97;20.71;89.3;97;7.59;150.7;92;6.78;10.3;5;2.78;1;0
OK;180;415;402-7372;0;0;0;143.5;121;24.4;189.3;111;16.09;174.9;82;7.87;8.8;5;2.38;3;0
UT;93;415;337-9710;0;0;0;164.9;68;28.03;210.4;86;17.88;229.4;104;10.32;7.8;4;2.11;2;0
OH;109;415;363-4967;0;0;0;193.6;58;32.91;148.7;115;12.64;282.5;105;12.71;13.1;1;3.54;2;0
WY;80;510;400-5389;0;0;0;101.1;121;17.19;263.2;110;22.37;137.7;74;6.2;7.3;5;1.97;0;0
NM;54;415;416-9162;0;1;24;92.3;88;15.69;193.1;98;16.41;99.3;119;4.47;11.6;3;3.13;2;0
AL;121;415;414-6541;0;0;0;168.9;128;28.71;123.9;99;10.53;266.3;105;11.98;2.9;7;0.78;2;0
DC;157;510;392-6647;0;1;29;219.2;102;37.26;206;109;17.51;192.4;117;8.66;15;5;4.05;1;0
ID;170;510;343-2465;0;1;37;178.1;130;30.28;242.8;103;20.64;243;93;10.93;13;4;3.51;0;0
AR;138;510;338-9171;0;0;0;146.5;101;24.91;284.5;142;24.18;176;98;7.92;14;6;3.78;3;0
ID;92;415;405-4606;0;1;31;172.3;116;29.29;266.2;91;22.63;228.2;90;10.27;11.8;5;3.19;1;0
TX;126;415;386-9711;0;0;0;190.9;143;32.45;149.7;72;12.72;191.4;87;8.61;13;3;3.51;1;0
NM;41;415;327-8495;0;0;0;232.1;74;39.46;327.1;88;27.8;226.5;119;10.19;10.9;2;2.94;3;1
WA;167;415;416-5660;0;0;0;169.2;124;28.76;173.3;108;14.73;216.5;64;9.74;12.4;4;3.35;4;1
UT;91;510;370-3032;0;0;0;123.8;107;21.05;319;125;27.12;237.6;78;10.69;7.3;4;1.97;2;0
RI;127;510;331-8462;0;0;0;96;117;16.32;177;68;15.05;162.2;127;7.3;9.7;4;2.62;3;0
NC;88;408;414-4037;0;1;27;93.4;106;15.88;252;92;21.42;189;104;8.5;10.9;1;2.94;1;0
RI;113;415;415-2865;0;0;0;90.6;130;15.4;170.6;100;14.5;137.4;74;6.18;5.4;9;1.46;1;0
NY;78;510;362-2353;0;0;0;152.9;81;25.99;256.6;82;21.81;173.6;112;7.81;5.3;6;1.43;2;0
TX;123;408;329-5114;0;0;0;257.9;92;43.84;211.6;71;17.99;189.3;104;8.52;9.4;2;2.54;2;0
DE;136;408;351-1389;1;1;29;85.2;98;14.48;230.4;85;19.58;243.6;104;10.96;9;3;2.43;2;0
MS;68;415;375-3668;0;1;34;160;72;27.2;184.5;119;15.68;208.3;101;9.37;6.1;10;1.65;1;0
OH;132;415;375-5414;0;1;10;182.9;54;31.09;292.4;68;24.85;142.3;116;6.4;11.5;4;3.11;0;0
LA;133;415;360-7079;0;0;0;216.2;67;36.75;222.2;133;18.89;192;95;8.64;3.1;1;0.84;2;0
FL;127;415;344-9302;0;0;0;261.7;105;44.49;181.8;107;15.45;100.9;131;4.54;3.3;5;0.89;0;0
WA;110;415;418-1775;0;0;0;241.2;105;41;174.3;85;14.82;245.3;59;11.04;8.5;4;2.3;2;0
WV;121;510;401-2468;0;0;0;177.2;142;30.12;123.5;88;10.5;213.2;51;9.59;8.4;6;2.27;1;0
NY;116;510;346-4984;0;0;0;89.5;128;15.22;180.8;137;15.37;193.1;94;8.69;14;3;3.78;2;0
NE;112;415;351-2928;1;1;16;200.3;72;34.05;197.8;91;16.81;151.1;92;6.8;10.4;3;2.81;1;0
PA;97;510;365-7774;1;0;0;145;103;24.65;294.3;93;25.02;239.8;120;10.79;11;2;2.97;4;1
MS;43;510;358-3691;0;0;0;159.5;99;27.12;119.7;149;10.17;173.9;126;7.83;6.8;3;1.84;2;0
IN;110;415;364-9059;0;0;0;151.8;106;25.81;138;126;11.73;233.5;112;10.51;11.2;8;3.02;3;0
VA;67;408;356-7208;0;0;0;176.2;120;29.95;236;138;20.06;152.5;104;6.86;10.6;4;2.86;1;0
MN;166;408;333-5551;0;0;0;152.1;95;25.86;121;105;10.29;198;126;8.91;9.8;5;2.65;0;0
DE;129;408;362-6528;0;0;0;161.3;122;27.42;220.6;95;18.75;224.7;104;10.11;9.6;3;2.59;1;0
OR;103;510;394-2560;1;0;0;171.7;78;29.19;144.5;86;12.28;157.9;106;7.11;6.8;3;1.84;3;0
UT;71;415;367-3220;0;0;0;278.9;110;47.41;190.2;67;16.17;255.2;84;11.48;11.7;7;3.16;0;1
CT;112;415;418-5708;0;1;27;213;121;36.21;226.2;101;19.23;189.8;99;8.54;11.1;3;3;4;0
AL;8;415;421-2245;0;1;36;242.9;67;41.29;170.9;59;14.53;177.3;130;7.98;4.8;12;1.3;1;0
TX;98;415;406-2242;0;0;0;217.2;121;36.92;303.4;73;25.79;197.1;71;8.87;12.4;2;3.35;0;1
CT;90;415;347-6994;0;0;0;175.9;111;29.9;285.2;115;24.24;150.8;122;6.79;13;7;3.51;1;0
MS;13;415;413-7468;0;0;0;303.2;133;51.54;170.5;86;14.49;227.6;80;10.24;11.5;3;3.11;0;1
AR;58;415;389-6082;0;0;0;238.9;107;40.61;187.2;88;15.91;181.1;84;8.15;11.8;3;3.19;2;0
CA;137;415;415-3689;0;1;22;189.6;42;32.23;179;137;15.22;179.6;126;8.08;11.4;5;3.08;2;0
MI;116;408;379-2503;0;0;0;133.3;94;22.66;247.8;126;21.06;219;78;9.86;11.3;5;3.05;5;1
WV;94;415;396-1106;0;1;28;92.7;107;15.76;127.8;86;10.86;225.6;86;10.15;9.9;4;2.67;3;0
DE;87;415;379-4372;0;0;0;177.2;72;30.12;248.9;105;21.16;200.8;87;9.04;8.6;7;2.32;3;0
FL;120;415;336-3738;0;0;0;184.5;103;31.37;209;86;17.77;169.7;70;7.64;10.2;6;2.75;2;0
AK;97;415;380-2600;0;1;24;176.1;109;29.94;159.4;81;13.55;269.1;94;12.11;12.1;9;3.27;0;0
ID;134;415;345-4473;0;0;0;204.7;108;34.8;143.1;105;12.16;165.8;84;7.46;11;4;2.97;6;0
OH;68;510;380-9990;0;0;0;143.6;80;24.41;134.3;65;11.42;215.6;84;9.7;15.5;5;4.19;2;0
NH;93;408;411-1045;0;0;0;179.3;93;30.48;188.8;65;16.05;253.2;88;11.39;12.1;5;3.27;1;0
MA;120;415;413-5306;0;0;0;137.3;100;23.34;212.2;129;18.04;152.7;92;6.87;10.5;2;2.84;1;0
SC;41;408;417-6906;0;0;0;237.8;92;40.43;223.5;155;19;217.4;90;9.78;10.2;6;2.75;2;0
OR;80;510;331-4807;0;0;0;203.7;92;34.63;216.4;97;18.39;154.2;66;6.94;7.6;5;2.05;2;0
OH;83;415;376-5375;0;1;25;191.3;95;32.52;250.7;136;21.31;249.4;86;11.22;17.6;5;4.75;2;0
NC;109;510;361-9839;1;0;0;209.1;141;35.55;205;93;17.43;119.4;111;5.37;7.8;3;2.11;2;0
KY;66;510;348-8679;0;1;33;88.8;104;15.1;109.6;94;9.32;172.7;107;7.77;7.1;9;1.92;3;0
ID;104;510;403-6565;0;0;0;97.2;88;16.52;155.6;85;13.23;261.6;105;11.77;12.4;5;3.35;0;0
WA;89;510;346-5287;0;0;0;137.9;96;23.44;192.6;63;16.37;255.7;125;11.51;11;5;2.97;1;0
WV;127;510;413-6769;0;0;0;224.3;112;38.13;185.7;103;15.78;159.4;83;7.17;10;1;2.7;2;0
RI;117;408;370-5042;0;1;13;207.6;65;35.29;152.7;77;12.98;232.8;95;10.48;9.7;3;2.62;1;0
KS;128;510;397-9486;0;0;0;268.1;95;45.58;120.5;126;10.24;220.8;121;9.94;14.4;6;3.89;2;0
NV;88;415;364-3286;0;0;0;166.7;61;28.34;179.3;88;15.24;242.7;131;10.92;6.8;7;1.84;4;1
NE;61;408;420-8897;0;0;0;267.1;104;45.41;180.4;131;15.33;230.6;106;10.38;17.3;4;4.67;1;1
FL;22;415;378-9506;0;0;0;181.8;108;30.91;198.6;148;16.88;206.6;96;9.3;9.3;3;2.51;2;0
WY;78;415;399-6259;0;0;0;147.1;80;25.01;199.7;100;16.97;160.7;106;7.23;13.7;7;3.7;0;0
WA;56;415;335-5806;0;1;29;37.7;115;6.41;144.1;111;12.25;226.6;101;10.2;4.9;3;1.32;1;0
CO;192;415;401-6392;0;0;0;185;88;31.45;224.9;98;19.12;212.4;105;9.56;11.4;3;3.08;2;0
WI;70;415;379-9859;0;0;0;156.4;108;26.59;171;116;14.54;196.1;96;8.82;8.6;4;2.32;2;0
KS;148;510;415-4051;0;0;0;239.3;84;40.68;195.7;85;16.63;232.6;104;10.47;10.9;3;2.94;1;0
RI;65;415;368-5612;0;1;29;215.5;129;36.64;161.9;77;13.76;128.3;91;5.77;8.8;5;2.38;2;0
MT;119;510;374-5301;0;0;0;134.9;70;22.93;211.5;74;17.98;188.5;105;8.48;11.3;6;3.05;1;0
CO;80;415;406-5710;0;0;0;194.8;116;33.12;209.9;93;17.84;194.1;100;8.73;12.8;3;3.46;0;0
CT;152;408;354-7077;0;1;20;239.1;105;40.65;209.1;111;17.77;268.2;130;12.07;13.3;3;3.59;5;0
FL;113;510;343-3340;0;0;0;92.6;85;15.74;177.6;92;15.1;159.8;72;7.19;14.4;4;3.89;3;0
VT;75;510;377-8267;0;0;0;209.4;133;35.6;211.5;121;17.98;291.2;123;13.1;7.2;4;1.94;1;0
OH;80;415;382-2453;0;0;0;197.6;83;33.59;164.5;86;13.98;94;98;4.23;6.4;6;1.73;1;0
NH;148;408;333-7449;0;0;0;17.6;121;2.99;161.7;125;13.74;203.1;82;9.14;10.6;6;2.86;1;0
RI;63;415;366-4287;1;0;0;62.9;112;10.69;202.9;111;17.25;259;58;11.66;8.9;8;2.4;1;0
FL;97;415;415-2285;0;1;28;202.3;97;34.39;69.2;84;5.88;257.6;64;11.59;6.7;3;1.81;1;0
MD;166;415;381-1328;0;0;0;136.1;116;23.14;181.4;93;15.42;131.4;108;5.91;11.3;4;3.05;0;0
WY;94;408;344-4022;0;0;0;207;109;35.19;167.4;80;14.23;238.2;117;10.72;2.6;6;0.7;1;0
FL;85;408;415-6601;0;1;33;207.9;95;35.34;233.5;88;19.85;221.3;92;9.96;13.5;3;3.65;1;0
TN;80;415;351-7309;1;0;0;276.5;122;47.01;195.6;79;16.63;210.3;78;9.46;7.2;3;1.94;1;1
NC;210;415;363-7802;0;1;31;313.8;87;53.35;147.7;103;12.55;192.7;97;8.67;10.1;7;2.73;3;0
IN;88;415;408-4870;1;1;25;288.5;114;49.05;203.4;74;17.29;228.4;117;10.28;13;5;3.51;1;0
IA;100;408;378-9478;0;0;0;210.9;85;35.85;329.3;69;27.99;127.1;78;5.72;9.4;5;2.54;4;0
WV;154;408;401-4778;0;1;35;64.9;76;11.03;184.1;91;15.65;151.6;75;6.82;14.6;1;3.94;1;0
UT;32;510;370-9563;0;1;26;243.5;137;41.4;236.8;108;20.13;173.3;149;7.8;9;9;2.43;1;0
GA;18;408;394-6382;0;0;0;197;97;33.49;203.7;107;17.31;202;105;9.09;8.7;3;2.35;3;0
AK;126;415;333-5295;0;1;31;278;88;47.26;253.2;65;21.52;223.2;114;10.04;8.7;4;2.35;0;0
UT;144;510;370-2451;0;1;37;219.9;102;37.38;222.1;77;18.88;118.5;111;5.33;10;4;2.7;1;0
MS;29;510;401-6982;0;0;0;313.2;103;53.24;216.3;151;18.39;218.4;106;9.83;12.8;4;3.46;2;1
AR;86;408;329-8115;0;1;16;145.7;88;24.77;191;129;16.24;215.5;82;9.7;11.3;7;3.05;0;0
AK;138;415;340-3409;0;1;37;75.8;102;12.89;173.6;147;14.76;162.6;96;7.32;8.2;13;2.21;0;0
AK;146;415;397-5911;0;0;0;195.9;86;33.3;228.6;82;19.43;303.5;94;13.66;12.2;4;3.29;3;0
ME;175;415;415-6127;0;0;0;132;95;22.44;231.2;74;19.65;313.4;108;14.1;8.7;10;2.35;1;0
WV;74;510;392-6073;0;0;0;124;102;21.08;262.1;101;22.28;268.2;98;12.07;11.7;2;3.16;2;0
CT;48;415;419-6564;0;0;0;171.9;98;29.22;159;127;13.52;139.5;101;6.28;7.6;3;2.05;2;0
GA;74;510;340-8245;0;1;31;249.4;70;42.4;209.5;59;17.81;180.6;75;8.13;9.9;2;2.67;4;0
NV;105;415;376-4540;1;0;0;228.4;100;38.83;145.1;108;12.33;245.3;140;11.04;7.7;7;2.08;0;0
VT;157;510;361-5936;0;0;0;168.6;71;28.66;205.1;48;17.43;175.8;88;7.91;5.9;2;1.59;3;0
DC;217;415;421-9846;0;0;0;123.7;138;21.03;248.5;105;21.12;269.6;78;12.13;13.3;4;3.59;0;0
TN;68;415;356-1582;0;0;0;178.7;61;30.38;252.3;84;21.45;255.7;76;11.51;8.4;4;2.27;1;0
OR;80;415;375-4900;0;0;0;113.2;86;19.24;185.5;97;15.77;237.3;145;10.68;9.5;5;2.57;1;0
MS;38;415;420-8953;0;1;25;142.4;106;24.21;313.7;109;26.66;126.6;117;5.7;13.4;6;3.62;2;0
NC;107;415;376-4035;0;1;38;204.2;57;34.71;205.9;92;17.5;286.5;80;12.89;8.3;4;2.24;0;0
CO;140;415;344-5206;0;0;0;149.7;71;25.45;212.5;97;18.06;245.9;67;11.07;12.6;4;3.4;3;0
AR;98;415;328-7833;0;0;0;227.1;116;38.61;120.5;103;10.24;117;102;5.27;4.7;4;1.27;5;1
PA;114;415;417-4266;0;0;0;155.3;75;26.4;169.9;87;14.44;207;133;9.32;12.6;5;3.4;2;0
MN;46;408;351-6574;0;0;0;156.4;105;26.59;185.5;98;15.77;226.7;96;10.2;11.8;3;3.19;1;0
NM;118;415;372-8925;0;1;42;148.7;105;25.28;167.3;105;14.22;270.6;105;12.18;10.4;7;2.81;0;0
UT;37;510;340-5678;0;0;0;271.7;112;46.19;155.1;96;13.18;199.5;97;8.98;6.6;4;1.78;3;0
NE;34;415;361-6814;0;0;0;193.7;74;32.93;126.9;84;10.79;221.2;166;9.95;8.8;4;2.38;0;0
MS;98;415;336-7155;1;1;23;245.5;54;41.74;292.7;83;24.88;184;90;8.28;10.8;7;2.92;1;0
NV;113;510;342-8167;0;0;0;245.3;108;41.7;259.9;140;22.09;204.3;115;9.19;10.7;2;2.89;3;1
OR;69;408;375-9180;0;0;0;196.1;87;33.34;236.8;66;20.13;182.3;75;8.2;11.9;1;3.21;0;0
VA;121;415;357-7064;0;0;0;134.1;112;22.8;195.1;104;16.58;159.6;139;7.18;10.5;2;2.84;2;0
NJ;59;510;347-5354;1;1;31;225;78;38.25;191.3;79;16.26;226.7;79;10.2;9.1;3;2.46;1;0
WV;59;510;362-9391;0;0;0;189.7;100;32.25;115.9;133;9.85;220.6;115;9.93;7.4;4;2;0;0
OR;190;415;386-8984;0;0;0;142.9;96;24.29;177.9;96;15.12;113.3;117;5.1;6.6;4;1.78;0;0
KY;109;415;384-6372;0;0;0;175.6;80;29.85;238;94;20.23;198.4;103;8.93;10.2;6;2.75;1;0
MO;136;415;358-1329;0;0;0;92.4;109;15.71;219;115;18.62;212.6;80;9.57;12.9;4;3.48;2;0
TX;86;510;400-7987;0;0;0;92.8;92;15.78;159.6;87;13.57;148.7;115;6.69;8.8;5;2.38;1;0
MN;100;415;327-8732;0;1;27;221.7;100;37.69;236.1;70;20.07;192.7;91;8.67;8;4;2.16;0;0
FL;106;510;389-6955;0;0;0;159.6;94;27.13;276.8;118;23.53;223.5;65;10.06;8.8;3;2.38;0;0
PA;104;415;396-1800;0;0;0;144.5;107;24.57;180.5;85;15.34;226;94;10.17;17;6;4.59;2;0
WV;129;415;349-4979;0;0;0;159.1;100;27.05;202.5;90;17.21;233.1;96;10.49;11.5;6;3.11;2;0
IN;205;510;361-5864;0;0;0;49.9;123;8.48;150.7;81;12.81;188.2;67;8.47;10.1;4;2.73;2;0
OK;93;415;418-4658;0;1;32;116.9;120;19.87;232.4;97;19.75;127.7;112;5.75;11;9;2.97;0;0
NE;123;415;330-6208;0;0;0;150;98;25.5;89.8;95;7.63;326;91;14.67;11.1;3;3;3;0
DE;99;415;416-6628;0;0;0;254.4;120;43.25;159.3;92;13.54;264.4;94;11.9;6;5;1.62;1;0
MI;61;415;349-5617;0;1;33;270.7;53;46.02;200.7;116;17.06;201.7;102;9.08;10.9;3;2.94;3;0
IL;71;415;397-8051;0;0;0;207;112;35.19;173.8;96;14.77;178.4;61;8.03;12.1;3;3.27;1;0
UT;4;510;413-6346;1;0;0;145.3;89;24.7;303.8;93;25.82;206.1;82;9.27;8.9;4;2.4;0;0
IL;148;408;395-9270;0;1;25;230.7;102;39.22;233.8;109;19.87;215.8;90;9.71;13.5;2;3.65;3;0
WA;141;415;401-7575;0;0;0;151.5;104;25.76;242.2;114;20.59;304.2;109;13.69;10.8;2;2.92;1;0
NM;56;408;332-5964;0;0;0;146.1;57;24.84;196.2;97;16.68;310.1;110;13.95;9.2;3;2.48;0;0
MD;160;415;348-3338;0;0;0;256;111;43.52;187.4;61;15.93;119.1;81;5.36;11.5;4;3.11;3;0
VA;43;408;387-5411;0;1;35;200.2;105;34.03;244.4;88;20.77;207.2;97;9.32;11.6;4;3.13;3;0
MT;42;415;378-7872;0;0;0;150.7;52;25.62;246.7;96;20.97;103.8;118;4.67;7;4;1.89;2;0
CT;135;415;389-6037;1;0;0;186;107;31.62;66;94;5.61;213.1;105;9.59;12.9;4;3.48;1;0
AL;106;415;349-3732;0;0;0;212.9;110;36.19;187;69;15.9;128.1;71;5.76;6.3;3;1.7;3;0
WV;106;510;347-9738;0;0;0;194.8;133;33.12;213.4;73;18.14;190.8;92;8.59;11.5;7;3.11;0;0
MO;83;415;380-6074;0;1;30;272.5;105;46.33;253;83;21.51;180.8;123;8.14;8.7;6;2.35;3;0
ND;110;415;338-4307;0;0;0;135.1;109;22.97;205.2;99;17.44;166.3;119;7.48;11.7;4;3.16;1;0
AR;153;408;339-3636;0;0;0;154.6;56;26.28;263;84;22.36;367.7;89;16.55;15.5;2;4.19;1;0
GA;109;510;328-9315;0;1;35;230.5;116;39.19;265.8;130;22.59;269.7;69;12.14;10.6;6;2.86;5;0
FL;31;510;402-3634;0;0;0;165.4;84;28.12;203.7;107;17.31;201.7;65;9.08;8.2;1;2.21;1;0
LA;124;510;348-4316;0;0;0;143.3;120;24.36;230.7;111;19.61;214.3;91;9.64;7.8;2;2.11;4;1
UT;110;415;375-3826;0;0;0;271.1;108;46.09;237;122;20.15;239.9;122;10.8;9.8;5;2.65;2;1
AZ;124;415;360-1406;0;0;0;253.5;104;43.1;117.9;123;10.02;248.5;104;11.18;14;2;3.78;0;0
NY;82;415;356-5475;0;0;0;167.1;77;28.41;131.8;79;11.2;187.4;98;8.43;9.4;1;2.54;6;1
KY;122;415;363-9969;0;0;0;168.3;96;28.61;87.6;91;7.45;247.2;87;11.12;8.4;6;2.27;1;0
AL;137;415;350-4367;0;0;0;104.7;115;17.8;249.8;144;21.23;192.3;99;8.65;8.9;2;2.4;1;0
IN;69;510;348-1592;0;0;0;135.4;101;23.02;238.1;124;20.24;195.6;102;8.8;10.6;2;2.86;1;0
IN;46;415;368-9751;0;1;34;191.4;102;32.54;361.8;96;30.75;147.5;132;6.64;7.2;2;1.94;1;0
FL;103;415;380-6413;0;0;0;158.7;90;26.98;198.4;117;16.86;181.1;76;8.15;10.5;4;2.84;1;0
NM;16;510;367-9259;0;0;0;144.8;84;24.62;164.9;141;14.02;231.5;75;10.42;8.2;4;2.21;2;0
AL;119;415;404-8765;0;0;0;98.8;97;16.8;146.9;68;12.49;190.7;105;8.58;10;4;2.7;3;0
MN;124;510;371-6284;1;0;0;157.8;71;26.83;203.2;114;17.27;168.7;82;7.59;10;2;2.7;3;1
NY;122;415;403-9468;0;1;37;163;107;27.71;312.8;118;26.59;200;85;9;11.6;5;3.13;1;0
MD;139;415;335-3133;0;0;0;181.6;119;30.87;335.7;118;28.53;149.8;64;6.74;8.3;6;2.24;4;0
KS;67;510;366-4426;0;0;0;129;78;21.93;188;116;15.98;235;102;10.58;11.2;3;3.02;2;0
WV;84;408;354-4752;0;0;0;86;83;14.62;260.7;86;22.16;98.6;109;4.44;8.9;4;2.4;1;0
ID;101;510;406-4768;0;1;17;193.9;71;32.96;189.8;81;16.13;196.3;97;8.83;12.6;7;3.4;0;0
LA;40;510;367-9257;0;0;0;109.4;107;18.6;244.7;102;20.8;276.9;123;12.46;7.1;7;1.92;0;0
MI;61;415;342-8348;0;0;0;188.9;105;32.11;153.6;116;13.06;213.3;106;9.6;10.2;2;2.75;2;0
TN;120;408;410-7611;1;0;0;179.9;72;30.58;170;98;14.45;190.6;89;8.58;13.8;2;3.73;1;1
CA;95;415;341-3270;0;0;0;183.4;98;31.18;281.3;95;23.91;105.2;113;4.73;8.2;8;2.21;1;0
FL;98;408;416-7452;0;0;0;288.1;101;48.98;137.9;93;11.72;206.5;88;9.29;0;0;0;0;0
LA;114;415;356-8982;0;0;0;169.2;96;28.76;149.9;83;12.74;196.9;119;8.86;4.6;4;1.24;2;0
IL;68;415;340-6908;1;1;29;195.5;113;33.24;171.6;96;14.59;204;85;9.18;13.5;9;3.65;1;1
AL;149;415;348-6659;0;1;20;264.4;102;44.95;219.6;123;18.67;200.4;89;9.02;11.3;3;3.05;2;0
CT;22;408;345-2401;0;0;0;207.7;116;35.31;210.6;99;17.9;238.2;88;10.72;9.6;5;2.59;0;0
PA;176;415;422-5264;0;0;0;169.5;151;28.82;112.9;84;9.6;56.6;99;2.55;8.7;4;2.35;0;0
TX;152;415;422-1799;0;0;0;141.5;102;24.06;263;94;22.36;207.1;113;9.32;3.4;4;0.92;2;0
VA;118;408;404-2877;0;0;0;154.8;71;26.32;244;73;20.74;159.6;81;7.18;12.8;4;3.46;0;0
MO;101;415;417-7913;1;0;0;133.5;51;22.7;219.6;96;18.67;210;74;9.45;11.7;4;3.16;1;0
MT;102;408;399-2457;0;0;0;273.2;85;46.44;211.1;82;17.94;203.7;129;9.17;13.1;7;3.54;2;1
ND;118;408;419-3427;0;0;0;224.6;94;38.18;225.9;120;19.2;269;105;12.11;12.5;8;3.38;2;0
FL;105;415;358-2490;0;0;0;273.8;97;46.55;289.7;106;24.62;269.1;126;12.11;5.8;3;1.57;2;1
WI;153;510;349-3112;0;0;0;159.5;103;27.12;275.5;90;23.42;176.7;126;7.95;10.1;2;2.73;1;1
KY;71;415;414-5422;0;0;0;104;92;17.68;197;125;16.75;110.1;123;4.95;14.6;8;3.94;0;0
MD;71;415;386-3766;0;1;31;115.4;90;19.62;217.4;78;18.48;239.9;102;10.8;13.1;4;3.54;1;0
IN;68;415;386-9724;0;0;0;222.1;107;37.76;199.4;102;16.95;162.4;107;7.31;9.4;3;2.54;2;0
MA;66;415;416-7393;0;0;0;116.4;98;19.79;95.6;74;8.13;181.5;94;8.17;10.5;3;2.84;3;0
ND;101;415;395-1380;0;0;0;217.7;118;37.01;231.7;128;19.69;185.3;128;8.34;0;0;0;3;0
VT;116;415;408-4911;0;0;0;129.4;84;22;157.3;89;13.37;215.5;77;9.7;13.3;3;3.59;0;0
CT;54;415;387-4064;0;1;33;161.8;73;27.51;273;58;23.21;153.9;76;6.93;13.7;4;3.7;0;0
VA;112;408;380-5667;0;1;29;198.8;122;33.8;238.6;114;20.28;289.5;69;13.03;11.5;5;3.11;1;0
MS;122;408;402-8930;0;1;45;147.8;85;25.13;147.4;93;12.53;203.5;110;9.16;14;5;3.78;1;0
AK;74;415;336-6533;0;0;0;262.3;114;44.59;198.9;96;16.91;165.9;90;7.47;6.6;5;1.78;3;0
WY;90;415;359-9992;0;0;0;246.4;83;41.89;160.3;88;13.63;170.9;99;7.69;7.6;7;2.05;1;0
NY;112;415;391-1737;0;0;0;174.3;123;29.63;140.2;124;11.92;215.4;89;9.69;9;6;2.43;4;1
NC;85;510;404-2871;0;0;0;183.4;111;31.18;168.8;98;14.35;199.7;97;8.99;9.9;4;2.67;4;0
IL;100;415;420-6121;0;0;0;191.9;95;32.62;200.9;101;17.08;271.9;74;12.24;18.2;3;4.91;1;0
OH;114;415;369-4012;0;0;0;187.8;109;31.93;154.6;97;13.14;213.9;102;9.63;10.1;3;2.73;2;0
RI;83;510;357-2294;0;0;0;259.7;106;44.15;152.7;116;12.98;224.7;92;10.11;10.2;2;2.75;0;0
WY;157;415;348-9938;1;0;0;180.4;123;30.67;194;98;16.49;227.3;88;10.23;8.4;5;2.27;0;0
OR;51;510;394-3023;0;0;0;51.8;107;8.81;230.2;104;19.57;227.5;118;10.24;10.4;4;2.81;2;0
NV;42;415;352-5466;0;0;0;303.9;106;51.66;232.2;54;19.74;147.1;76;6.62;5.8;3;1.57;1;1
ND;101;415;364-5510;0;1;36;123.7;125;21.03;172.6;106;14.67;280.5;127;12.62;8.8;4;2.38;1;1
OR;112;510;396-6462;0;0;0;206.2;122;35.05;164.5;94;13.98;140.3;101;6.31;12.6;7;3.4;3;0
ND;56;510;384-5335;0;0;0;164.3;92;27.93;233.7;107;19.86;187.3;104;8.43;11.8;1;3.19;2;0
NJ;53;408;416-6886;0;0;0;228.6;117;38.86;132.8;123;11.29;227.2;124;10.22;10.1;2;2.73;9;1
WV;64;415;357-2748;0;1;22;200.4;80;34.07;131.1;84;11.14;230.7;67;10.38;7.6;5;2.05;1;0
VA;123;408;386-7976;0;0;0;154.3;107;26.23;183;111;15.56;54;134;2.43;10.9;8;2.94;0;0
ID;68;510;403-9199;0;1;30;122.9;93;20.89;233.5;91;19.85;199.5;144;8.98;9.6;2;2.59;2;0
CT;40;510;361-1900;1;0;0;220.8;100;37.54;265.7;106;22.58;212.8;94;9.58;6.4;3;1.73;0;0
NM;132;408;405-3848;0;0;0;214.6;78;36.48;251.7;98;21.39;240.8;88;10.84;13.9;2;3.75;0;0
CT;120;408;344-1136;1;0;0;202;123;34.34;184.3;78;15.67;176;89;7.92;7.4;2;2;2;1
MI;108;408;378-6276;0;1;32;209.5;108;35.62;109.6;64;9.32;189.7;145;8.54;9.1;6;2.46;6;1
SC;161;510;343-2592;0;0;0;297.9;141;50.64;238.1;107;20.24;240.5;93;10.82;8.9;5;2.4;1;1
SC;130;415;396-4410;0;0;0;212.8;102;36.18;189.8;137;16.13;170.1;105;7.65;10.6;4;2.86;0;1
NY;122;510;397-3943;0;0;0;145.6;102;24.75;284.7;111;24.2;228.2;91;10.27;12.2;5;3.29;0;0
MT;130;408;347-3821;0;1;19;152.9;87;25.99;213.2;99;18.12;205.3;114;9.24;10.8;6;2.92;2;0
WY;90;510;400-8069;0;0;0;125.4;158;21.32;269.1;83;22.87;238.6;103;10.74;11;7;2.97;1;0
NE;139;415;346-5349;0;1;25;138.3;96;23.51;80.6;79;6.85;163.7;83;7.37;8.3;8;2.24;0;0
IN;57;415;345-5089;0;0;0;189.3;157;32.18;174.9;70;14.87;221.9;117;9.99;11.2;5;3.02;3;0
CO;128;510;410-4613;0;0;0;199.3;86;33.88;194.8;102;16.56;298.2;82;13.42;14.3;2;3.86;4;0
WY;127;510;356-4706;1;0;0;247.5;99;42.08;108.5;118;9.22;232;72;10.44;10.6;3;2.86;2;0
MD;107;415;347-3406;0;0;0;294.9;71;50.13;192.8;78;16.39;148.1;87;6.66;13.2;5;3.56;1;1
OK;177;408;333-9133;0;0;0;175.4;99;29.82;155.3;83;13.2;179.4;86;8.07;11.5;3;3.11;1;0
SD;121;415;392-2459;0;0;0;179.4;70;30.5;143;93;12.16;116.3;113;5.23;11.2;5;3.02;1;0
SC;99;510;401-3685;1;1;39;126.8;94;21.56;293.6;115;24.96;174.1;91;7.83;8.4;4;2.27;0;0
NY;126;415;352-7752;1;0;0;239.7;87;40.75;281.7;92;23.94;183.5;113;8.26;11.4;1;3.08;1;1
NY;77;415;388-9285;0;1;33;143;101;24.31;212.2;102;18.04;104.9;120;4.72;15.3;4;4.13;5;1
WV;21;415;332-5582;0;0;0;91.9;109;15.62;198.4;111;16.86;171.7;125;7.73;13;7;3.51;2;0
WA;56;408;376-2550;0;0;0;210.4;80;35.77;176.6;96;15.01;149.7;56;6.74;15.5;4;4.19;1;0
ID;92;415;333-4594;0;1;29;201.3;130;34.22;203.7;115;17.31;129.9;113;5.85;6.4;6;1.73;1;1
MN;81;510;375-2522;0;0;0;145.6;59;24.75;287.9;131;24.47;181.7;121;8.18;9.2;4;2.48;2;0
TX;139;510;388-2240;1;1;31;203.5;82;34.6;200.3;72;17.03;214;112;9.63;13.4;6;3.62;1;1
AZ;68;415;420-1782;0;0;0;232.4;76;39.51;153.3;103;13.03;214.6;107;9.66;10.5;2;2.84;1;0
DE;183;415;384-8890;0;1;8;86.5;119;14.71;285.2;97;24.24;180.4;133;8.12;8.7;2;2.35;2;0
CO;90;408;371-4788;0;0;0;109.9;102;18.68;220.8;114;18.77;104;133;4.68;10.9;6;2.94;0;0
WI;165;408;360-5636;0;0;0;156;88;26.52;276.1;81;23.47;175.9;94;7.92;9.3;5;2.51;1;0
WI;89;415;373-4264;0;0;0;326.3;112;55.47;165.1;110;14.03;162.9;97;7.33;7.5;1;2.03;1;1
NJ;59;510;352-9836;0;0;0;195;58;33.15;198.5;88;16.87;304.3;110;13.69;14.8;9;4;0;0
IL;16;415;342-2013;1;0;0;110;91;18.7;147.3;75;12.52;190.5;73;8.57;6.4;7;1.73;0;0
DC;114;415;354-5689;0;0;0;147.1;119;25.01;161;111;13.69;275.9;106;12.42;9;3;2.43;5;1
IA;113;510;335-8427;0;0;0;156;141;26.52;256.8;72;21.83;175.3;123;7.89;11.9;5;3.21;2;0
GA;120;408;409-6753;0;0;0;98.2;99;16.69;186.7;85;15.87;146.7;96;6.6;9.3;4;2.51;2;0
AK;115;415;349-1756;0;0;0;210.6;120;35.8;153.1;84;13.01;262.2;79;11.8;11;5;2.97;0;0
CA;37;510;328-8980;0;0;0;239.9;120;40.78;261.6;88;22.24;207.1;88;9.32;8.9;4;2.4;2;1
MN;100;415;399-2151;1;0;0;159.9;94;27.18;179.9;95;15.29;154.4;102;6.95;11.6;2;3.13;2;1
CO;132;415;379-9524;0;0;0;197.8;66;33.63;133.9;119;11.38;177.3;94;7.98;10.9;3;2.94;4;1
KY;38;408;352-9947;0;1;36;115.4;98;19.62;166.2;83;14.13;184.7;79;8.31;15.2;6;4.1;2;0
SC;1;408;336-1043;0;0;0;123.8;113;21.05;236.2;77;20.08;73.2;81;3.29;3.7;2;1;0;0
MT;97;415;416-7013;0;1;15;117.6;97;19.99;196.3;126;16.69;157.4;113;7.08;6.4;3;1.73;1;0
KY;55;415;345-4551;0;1;28;105.3;82;17.9;197.4;109;16.78;187.5;91;8.44;8.6;6;2.32;2;0
WV;75;415;405-9864;0;0;0;111.7;121;18.99;237.3;119;20.17;253.5;110;11.41;13.1;6;3.54;1;0
ID;83;415;350-4297;0;0;0;159.3;104;27.08;202.3;98;17.2;229;73;10.31;9.5;3;2.57;2;0
MN;40;510;350-7114;0;0;0;81.7;123;13.89;210.2;108;17.87;212;64;9.54;11.3;3;3.05;6;1
MA;101;415;400-4244;0;1;21;238;88;40.46;209.6;84;17.82;233;95;10.49;10;5;2.7;2;0
MD;120;415;417-2608;0;1;40;128.1;99;21.78;247.7;78;21.05;199.7;121;8.99;15.6;3;4.21;0;0
SD;183;415;372-2990;0;1;31;171.2;104;29.1;193.6;74;16.46;196.5;85;8.84;10.2;4;2.75;1;0
PA;75;510;353-9998;0;0;0;109;88;18.53;259.3;120;22.04;182.1;119;8.19;13.3;3;3.59;4;1
KY;80;415;330-3008;0;0;0;220;114;37.4;207.7;76;17.65;168.4;137;7.58;12.1;3;3.27;2;0
ID;88;415;384-8629;0;0;0;55.6;65;9.45;242.7;121;20.63;176.3;134;7.93;11.3;4;3.05;0;0
NY;112;415;404-9504;0;1;23;286.6;79;48.72;315.3;102;26.8;193.9;101;8.73;10.3;6;2.78;1;0
NM;63;510;405-8753;0;0;0;207.6;96;35.29;229;112;19.47;162.6;131;7.32;13.3;2;3.59;1;0
CA;105;415;409-9911;0;1;31;109.6;108;18.63;249.3;119;21.19;321.2;101;14.45;8.3;4;2.24;4;1
ID;92;415;394-4260;0;0;0;197.2;113;33.52;242.3;116;20.6;192;76;8.64;11;5;2.97;2;0
WY;177;415;380-9063;0;0;0;175.7;120;29.87;168.6;90;14.33;198.9;110;8.95;14.6;4;3.94;1;0
NM;118;510;395-4509;0;0;0;205.2;115;34.88;184.8;137;15.71;176.1;115;7.92;7;6;1.89;0;0
HI;111;408;401-6671;0;1;13;193.1;104;32.83;111.6;98;9.49;227.4;94;10.23;12.1;4;3.27;1;0
ID;82;510;405-7204;0;1;34;232.6;121;39.54;153.2;115;13.02;286.7;77;12.9;4.7;3;1.27;3;0
NC;74;415;329-5377;0;0;0;102.7;89;17.46;149.3;100;12.69;188.1;114;8.46;11;5;2.97;0;0
TX;121;415;408-9572;0;1;31;263.1;70;44.73;279.3;118;23.74;127.1;143;5.72;9.7;4;2.62;5;0
GA;131;408;380-9879;0;0;0;197;79;33.49;201;114;17.09;151.2;111;6.8;11.6;5;3.13;1;0
AL;125;408;384-9243;0;0;0;169.3;90;28.78;156;138;13.26;210.8;106;9.49;11.6;6;3.13;2;0
ME;19;415;404-5597;0;0;0;201.5;123;34.26;129.2;110;10.98;220.6;98;9.93;12.9;4;3.48;1;0
VA;138;415;359-7521;0;0;0;251;119;42.67;91.2;96;7.75;142.2;87;6.4;13.8;3;3.73;3;0
ID;119;415;327-4795;0;0;0;230.4;117;39.17;225;101;19.13;198.5;111;8.93;7.6;6;2.05;3;0
NY;137;510;338-7955;0;0;0;109.8;120;18.67;230.5;86;19.59;255.8;103;11.51;11.9;6;3.21;1;0
NC;182;415;379-6970;0;0;0;279.5;118;47.52;203.2;113;17.27;174.2;101;7.84;10.7;4;2.89;2;1
OH;135;415;351-7807;0;0;0;173.4;107;29.48;222;84;18.87;64.2;94;2.89;13.7;6;3.7;1;0
HI;134;415;342-9394;0;1;38;214.4;93;36.45;211.7;57;17.99;165;79;7.43;10;8;2.7;1;0
DC;45;415;384-6264;0;0;0;96.1;103;16.34;246.8;134;20.98;229.7;92;10.34;9.7;4;2.62;1;0
TN;129;408;352-4534;0;0;0;101.4;145;17.24;249.1;116;21.17;157.6;107;7.09;7.1;6;1.92;1;0
VT;142;415;378-4617;0;0;0;232.5;74;39.53;181.8;142;15.45;203.1;86;9.14;10.4;6;2.81;4;0
MD;130;415;364-9567;0;1;45;174.5;120;29.67;217.5;95;18.49;220.3;67;9.91;12.2;2;3.29;1;0
LA;163;408;371-5875;0;1;23;224;126;38.08;233.5;89;19.85;293.9;104;13.23;8.8;4;2.38;1;0
HI;105;415;383-6489;0;0;0;211.1;99;35.89;176.7;66;15.02;221.5;96;9.97;14.7;7;3.97;4;0
FL;119;415;345-7117;0;0;0;109.2;96;18.56;153.1;80;13.01;240;102;10.8;9.8;5;2.65;2;0
WY;78;408;384-3902;0;0;0;220;95;37.4;179.9;121;15.29;188.2;109;8.47;11.5;5;3.11;0;0
NE;92;415;386-2759;0;0;0;181.4;98;30.84;164.5;98;13.98;171;110;7.69;10.9;4;2.94;2;0
WY;146;415;356-1270;0;1;11;180.7;82;30.72;173.7;90;14.76;231.5;89;10.42;10.1;4;2.73;2;0
OR;125;408;379-1336;0;1;32;96.5;109;16.41;145.8;109;12.39;174.4;82;7.85;9.4;2;2.54;1;0
IN;88;415;354-7201;0;0;0;183.5;93;31.2;170.5;80;14.49;193.8;88;8.72;8.3;5;2.24;3;0
MD;83;408;404-5057;0;1;38;107.9;90;18.34;140.4;94;11.93;253.6;79;11.41;10.5;2;2.84;0;0
TN;3;510;407-8012;1;0;0;161;96;27.37;244.9;82;20.82;180.8;103;8.14;7.7;6;2.08;1;0
WV;152;510;332-6139;1;1;41;146.8;128;24.96;285.6;96;24.28;213.6;80;9.61;4.3;2;1.16;1;1
WA;48;510;328-1373;0;0;0;149.2;146;25.36;161.9;109;13.76;197.9;109;8.91;8.3;2;2.24;3;0
MS;189;415;411-6501;0;0;0;227.8;124;38.73;169.5;112;14.41;201.1;91;9.05;5.6;4;1.51;3;0
OH;95;415;329-8056;0;1;23;160.3;87;27.25;202.4;101;17.2;191.1;122;8.6;7.4;3;2;0;0
IN;129;415;415-4564;0;0;0;137.8;120;23.43;225.8;110;19.19;145.2;95;6.53;10.2;6;2.75;1;1
CO;66;408;329-6192;0;1;40;141.7;87;24.09;268.3;89;22.81;241.3;68;10.86;8.5;7;2.3;0;0
TX;80;510;384-3904;0;1;22;196.4;115;33.39;150.3;109;12.78;176.2;75;7.93;9.3;1;2.51;0;0
AK;1;408;373-1028;0;0;0;175.2;74;29.78;151.7;79;12.89;230.5;109;10.37;5.3;3;1.43;1;0
WV;84;408;369-1220;0;0;0;146.8;133;24.96;171.7;73;14.59;234.5;69;10.55;9.9;3;2.67;1;0
MA;96;415;359-9369;0;0;0;173.9;111;29.56;287.4;105;24.43;204.8;91;9.22;9.1;7;2.46;1;0
TN;123;415;415-3016;0;1;34;305.2;80;51.88;156.5;109;13.3;280;81;12.6;13.2;7;3.56;1;0
ID;116;510;414-7090;1;1;29;162.3;91;27.59;279.3;79;23.74;192.7;131;8.67;11.7;2;3.16;3;1
DE;105;415;350-2250;1;0;0;150;106;25.5;293.8;123;24.97;250.7;65;11.28;10.3;7;2.78;3;0
VA;80;415;383-9355;0;0;0;197.5;114;33.58;206.9;119;17.59;163.6;109;7.36;11.3;4;3.05;1;0
MT;157;408;417-3257;0;0;0;240.2;67;40.83;153;98;13.01;249;72;11.21;10.2;6;2.75;2;0
ID;67;510;336-8010;0;1;30;186.2;117;31.65;286.7;76;24.37;164.3;113;7.39;12.9;3;3.48;2;0
IN;141;415;354-7718;0;1;39;116.9;127;19.87;276.5;88;23.5;289.9;125;13.05;12.3;2;3.32;0;0
MD;79;415;358-4412;0;1;17;236.7;95;40.24;263.5;56;22.4;259.6;107;11.68;12;4;3.24;1;0
MS;76;408;368-8972;0;0;0;173.2;93;29.44;131.2;80;11.15;170.9;104;7.69;5.4;3;1.46;0;0
WA;111;510;407-9841;0;0;0;152.2;114;25.87;137.2;102;11.66;185.9;97;8.37;9.8;3;2.65;0;0
OH;94;415;393-5208;0;0;0;181.3;135;30.82;182.4;108;15.5;180.6;103;8.13;6.7;2;1.81;0;0
RI;143;408;332-2889;0;0;0;167.8;72;28.53;211;99;17.94;153.5;109;6.91;10.5;6;2.84;4;1
AR;109;510;374-5530;0;0;0;175.4;125;29.82;250.7;87;21.31;289.3;74;13.02;9.8;9;2.65;1;0
AZ;138;415;332-3381;0;0;0;87.6;112;14.89;266.9;107;22.69;214.6;104;9.66;9.8;10;2.65;2;0
SC;73;415;344-9347;0;0;0;203.3;45;34.56;141.9;87;12.06;200.7;71;9.03;8.5;6;2.3;0;0
KY;21;415;412-1991;0;0;0;92.6;95;15.74;161.9;70;13.76;285;78;12.83;11.3;3;3.05;5;1
AL;148;415;393-4528;0;1;21;262.9;135;44.69;149.5;96;12.71;140.5;109;6.32;8.1;4;2.19;1;0
NE;103;408;347-2378;0;0;0;160.8;91;27.34;155.8;82;13.24;254.3;103;11.44;8.5;3;2.3;1;0
MT;143;408;385-2699;0;1;22;141.8;116;24.11;167.3;99;14.22;178.1;130;8.01;7.8;3;2.11;1;0
MN;79;408;383-4319;0;1;32;50.6;62;8.6;201.4;87;17.12;146.8;121;6.61;4.2;4;1.13;2;0
NV;89;415;352-7915;0;0;0;134.9;59;22.93;156;152;13.26;197.5;112;8.89;10.2;5;2.75;1;0
CA;120;415;375-5547;0;0;0;252.1;110;42.86;226.1;103;19.22;155.6;83;7;13.8;3;3.73;1;0
UT;121;415;337-2348;0;1;41;215.5;95;36.64;241.8;92;20.55;147;108;6.61;9.6;3;2.59;1;0
IL;101;415;342-8702;0;0;0;124.8;66;21.22;257.2;85;21.86;193.2;115;8.69;13.4;4;3.62;0;0
DC;115;408;393-5802;0;0;0;178.7;114;30.38;271;96;23.04;245.9;94;11.07;16.4;5;4.43;2;0
IN;168;415;384-2219;0;0;0;183.2;131;31.14;179.2;73;15.23;292.8;100;13.18;9.9;5;2.67;2;0
NM;90;415;347-6164;0;0;0;167.5;96;28.48;139.1;104;11.82;138.4;87;6.23;13;1;3.51;1;0
MS;70;510;376-9940;0;0;0;147.1;105;25.01;200;135;17;234.9;65;10.57;12.5;9;3.38;3;0
VT;138;415;354-4352;0;0;0;230.1;107;39.12;212;120;18.02;174.9;119;7.87;13.2;4;3.56;1;0
VT;43;408;331-8713;0;0;0;135.8;125;23.09;163.2;88;13.87;229.8;106;10.34;12.6;3;3.4;0;0
UT;117;510;341-3663;0;1;20;205.7;98;34.97;136.1;107;11.57;159.4;147;7.17;8.7;3;2.35;2;0
KY;108;408;376-4665;0;0;0;73.8;105;12.55;143.4;114;12.19;170.2;98;7.66;10.9;3;2.94;2;0
VA;118;408;421-9034;0;0;0;189.3;119;32.18;233.5;112;19.85;270.9;104;12.19;10;1;2.7;2;0
OH;169;408;401-5169;0;0;0;147.2;115;25.02;161.9;123;13.76;142.1;103;6.39;7.2;6;1.94;3;0
AZ;62;408;370-8262;0;1;42;137.3;95;23.34;184.2;94;15.66;231.4;70;10.41;10.2;3;2.75;0;0
NY;86;510;387-2041;0;0;0;70.7;125;12.02;211;113;17.94;174.6;107;7.86;0;0;0;2;0
VA;44;408;356-4146;0;0;0;204.6;117;34.78;205.2;94;17.44;164.6;84;7.41;10.7;5;2.89;0;0
MD;111;510;372-8883;0;0;0;123.1;88;20.93;213.9;84;18.18;184.9;88;8.32;12;2;3.24;5;1
MA;127;510;336-1880;0;1;19;129.7;115;22.05;160.8;101;13.67;265;63;11.93;12.2;3;3.29;2;0
IL;151;415;347-5843;1;0;0;198.7;70;33.78;209.5;106;17.81;281.9;126;12.69;12.4;4;3.35;0;0
LA;53;415;370-8023;0;0;0;145.1;116;24.67;233.7;82;19.86;208.7;95;9.39;7.9;5;2.13;2;0
MO;15;415;417-9814;0;0;0;135.2;101;22.98;152.5;79;12.96;224.8;83;10.12;8.4;5;2.27;2;0
DC;123;408;387-3422;0;1;28;124.7;105;21.2;250.4;78;21.28;216.4;128;9.74;7.8;8;2.11;1;0
PA;137;415;365-1664;0;0;0;215.9;76;36.7;145.4;118;12.36;186.9;129;8.41;12.1;4;3.27;1;0
TN;106;415;367-2436;0;0;0;119.2;142;20.26;228.4;139;19.41;197.9;61;8.91;8.4;9;2.27;2;0
NJ;88;510;344-6258;0;0;0;144.3;116;24.53;156.4;74;13.29;214.7;90;9.66;7.8;10;2.11;3;0
VA;106;415;353-8928;0;0;0;235.2;121;39.98;220.6;87;18.75;236.3;91;10.63;11.8;4;3.19;1;0
TN;95;510;365-7784;0;0;0;174;57;29.58;281.1;118;23.89;197.2;94;8.87;9.7;2;2.62;0;0
NJ;57;510;330-2635;1;0;0;115;65;19.55;122.3;96;10.4;245;75;11.03;6.4;1;1.73;0;1
WA;184;408;344-3131;0;0;0;151.7;93;25.79;178.5;77;15.17;229.1;111;10.31;13.1;8;3.54;2;0
AR;109;510;378-4294;0;0;0;153.1;102;26.03;234.1;77;19.9;329.2;74;14.81;9.9;9;2.67;3;0
WI;127;415;343-9365;0;0;0;218.6;93;37.16;149.9;130;12.74;204.6;131;9.21;9.2;5;2.48;2;0
WA;82;510;362-5579;0;0;0;265.2;122;45.08;178.7;102;15.19;174.7;90;7.86;10.7;9;2.89;2;0
RI;180;415;366-7616;0;0;0;143.3;134;24.36;180.5;113;15.34;184.2;87;8.29;10.1;4;2.73;1;0
ME;174;415;397-2870;0;0;0;190.3;98;32.35;252.7;70;21.48;220.6;97;9.93;7.2;9;1.94;2;0
CO;92;415;408-3262;0;0;0;184.7;60;31.4;262;73;22.27;239.5;120;10.78;12.3;6;3.32;2;1
CO;81;408;372-9091;0;0;0;115.3;99;19.6;224.7;117;19.1;152.5;98;6.86;18;2;4.86;1;0
RI;125;408;410-3159;0;0;0;113;108;19.21;169.2;107;14.38;156.6;61;7.05;9.2;5;2.48;2;1
CT;119;408;344-5181;0;0;0;294.2;100;50.01;232.5;53;19.76;195;64;8.78;9;1;2.43;0;1
NC;122;415;396-8662;0;0;0;215.6;86;36.65;167.8;59;14.26;207;67;9.32;6.4;8;1.73;3;0
WY;34;408;339-6446;0;0;0;128.8;80;21.9;208.7;93;17.74;202.1;103;9.09;14;7;3.78;1;0
OR;138;415;384-7236;1;1;28;211.2;117;35.9;312.5;98;26.56;178;118;8.01;10.7;2;2.89;3;1
FL;90;415;353-5257;0;1;24;71.2;82;12.1;181.6;103;15.44;186.9;111;8.41;12.9;1;3.48;1;0
KY;73;408;369-7295;0;0;0;94.9;121;16.13;253.2;83;21.52;175.1;86;7.88;14.2;2;3.83;2;0
SC;19;510;408-5322;0;0;0;259.4;116;44.1;269.7;109;22.92;175.3;130;7.89;9.5;3;2.57;1;1
WA;120;408;344-9620;0;1;28;215.8;123;36.69;285.2;76;24.24;192.1;78;8.64;6.9;3;1.86;1;0
MT;160;415;329-8436;0;0;0;97.5;113;16.58;268.1;69;22.79;255.3;62;11.49;13.2;4;3.56;3;0
PA;141;510;414-6739;0;0;0;146.5;121;24.91;169.9;125;14.44;238.8;112;10.75;8.2;5;2.21;0;0
MA;90;408;406-1730;0;0;0;157.9;72;26.84;234;93;19.89;210;86;9.45;12.2;5;3.29;2;0
VT;72;415;336-9327;0;0;0;139.9;117;23.78;223.6;96;19.01;240.8;93;10.84;12.7;4;3.43;2;0
MN;117;408;378-7418;0;1;21;153.2;112;26.04;263.3;110;22.38;135;85;6.08;11.9;7;3.21;1;0
IL;79;408;412-6019;1;0;0;103.5;134;17.6;319.3;111;27.14;239.9;124;10.8;8.4;4;2.27;2;0
AR;87;408;390-4789;0;0;0;185.8;119;31.59;192.3;83;16.35;200;96;9;6.6;4;1.78;1;0
MD;102;415;386-9774;0;0;0;129.5;56;22.02;354.2;118;30.11;145.5;93;6.55;10.9;3;2.94;1;0
MT;49;408;353-8970;0;0;0;236.6;91;40.22;220.9;146;18.78;146.8;114;6.61;8.9;2;2.4;1;0
VT;67;408;410-5370;0;0;0;260.4;107;44.27;208.2;104;17.7;207.9;115;9.36;10;2;2.7;6;0
CO;107;415;404-4421;0;0;0;167.3;100;28.44;163.9;79;13.93;185.9;100;8.37;6.7;5;1.81;2;0
NC;190;408;409-3353;0;0;0;182.2;101;30.97;212.3;95;18.05;233;123;10.49;9.3;4;2.51;2;0
WA;118;510;422-2571;0;0;0;113;80;19.21;150.1;87;12.76;204.3;115;9.19;10.8;4;2.92;2;0
TN;120;415;412-3404;0;0;0;185.7;133;31.57;235.1;149;19.98;256.4;78;11.54;16.9;6;4.56;0;0
AR;94;408;333-2964;0;0;0;136.2;114;23.15;165.1;118;14.03;137.9;71;6.21;9.6;5;2.59;0;0
DC;115;510;406-6669;0;1;29;222.6;81;37.84;190.3;109;16.18;201.2;87;9.05;11.5;2;3.11;1;0
MN;61;415;409-8802;0;0;0;197.3;67;33.54;264.5;106;22.48;210.5;116;9.47;9;6;2.43;1;0
IA;143;510;354-6183;0;1;33;141.4;130;24.04;186.4;114;15.84;210;111;9.45;7.7;6;2.08;1;0
KS;110;510;354-2434;0;0;0;208;69;35.36;95.1;94;8.08;178.5;129;8.03;8;11;2.16;1;0
ND;104;415;389-7620;0;0;0;118.5;92;20.15;177.8;109;15.11;255.7;98;11.51;12.1;4;3.27;1;0
MT;16;510;338-1724;0;0;0;153.2;65;26.04;229.7;90;19.52;148.2;94;6.67;10.7;8;2.89;1;0
IL;183;510;399-1750;0;0;0;108.3;87;18.41;183.6;116;15.61;176.6;109;7.95;13.5;2;3.65;0;0
DC;147;408;354-8914;0;0;0;168.6;92;28.66;187.7;107;15.95;216.5;95;9.74;14.4;8;3.89;2;0
KY;58;415;409-2983;0;0;0;247.2;116;42.02;303.7;103;25.81;105.4;94;4.74;9.3;2;2.51;2;1
MS;102;510;329-9689;1;0;0;224.2;81;38.11;243.3;90;20.68;147.8;66;6.65;12;8;3.24;3;0
TN;123;415;337-8950;0;0;0;166.9;98;28.37;221.8;77;18.85;243.9;114;10.98;12.8;4;3.46;3;0
IA;64;415;374-1836;0;1;43;118.4;100;20.13;144.1;108;12.25;158.1;91;7.11;8.5;6;2.3;1;0
AK;103;510;359-9454;0;0;0;190.9;62;32.45;226.6;53;19.26;230.1;96;10.35;7.8;3;2.11;2;0
MN;152;415;378-9542;0;0;0;317.8;60;54.03;152.9;100;13;123.4;63;5.55;10.4;7;2.81;1;1
WV;124;415;344-1970;0;0;0;312;112;53.04;180;109;15.3;168.6;94;7.59;12.8;4;3.46;1;1
OR;97;415;417-2774;0;0;0;146;121;24.82;203;141;17.26;151.8;120;6.83;13.3;2;3.59;1;0
MS;131;415;333-9002;0;0;0;131.6;95;22.37;179.3;109;15.24;251.2;129;11.3;15.5;3;4.19;1;1
ME;57;415;369-8576;0;1;33;193.4;105;32.88;231.6;79;19.69;226.2;90;10.18;11.1;11;3;2;0
MN;157;510;372-6920;0;0;0;185.1;92;31.47;213;85;18.11;196.1;85;8.82;8.5;5;2.3;2;0
GA;194;510;333-6575;0;0;0;193.3;106;32.86;169;150;14.37;225.2;122;10.13;11.8;4;3.19;0;0
DC;66;415;410-1190;0;0;0;146.4;107;24.89;196.5;99;16.7;230.1;106;10.35;7.8;2;2.11;1;0
GA;155;510;376-1641;0;0;0;71.2;90;12.1;304.4;119;25.87;183.3;103;8.25;8.6;4;2.32;0;0
NY;123;415;329-6731;0;0;0;123.2;104;20.94;190;117;16.15;170.3;95;7.66;12.9;5;3.48;4;1
OK;116;510;393-3976;0;0;0;205;90;34.85;140.9;114;11.98;272.6;96;12.27;7.5;4;2.03;2;0
OK;63;415;388-7355;0;0;0;128.7;78;21.88;240.8;133;20.47;237.7;121;10.7;12.8;6;3.46;1;0
GA;64;510;412-7791;0;0;0;216.9;78;36.87;211;115;17.94;179.8;116;8.09;11.4;5;3.08;3;0
NJ;96;510;368-6111;0;0;0;150;122;25.5;218.5;116;18.57;212.4;89;9.56;9.8;1;2.65;3;0
MN;53;415;401-9420;0;0;0;164.1;106;27.9;206;56;17.51;194.7;124;8.76;11.4;2;3.08;1;0
ME;105;510;352-5750;0;0;0;212;113;36.04;226.6;128;19.26;193.6;114;8.71;8.9;7;2.4;3;0
MI;53;510;417-3702;0;1;37;167.3;99;28.44;194.7;99;16.55;236.7;112;10.65;12;9;3.24;2;0
MT;101;415;353-5714;0;0;0;154.4;130;26.25;217.2;101;18.46;185.4;52;8.34;13.9;4;3.75;1;0
NE;129;510;409-9494;0;1;30;177.3;95;30.14;211.8;102;18;240.2;108;10.81;9.3;7;2.51;3;0
ND;122;408;395-1901;0;0;0;231.2;141;39.3;267.8;136;22.76;240.3;100;10.81;8.8;5;2.38;1;1
VA;163;415;378-8342;0;0;0;202.9;100;34.49;178.6;46;15.18;203.8;116;9.17;12.8;3;3.46;5;0
VT;93;408;417-6044;0;0;0;149.6;120;25.43;200.7;85;17.06;181.2;107;8.15;14.3;9;3.86;0;0
OH;115;510;348-1163;1;0;0;345.3;81;58.7;203.4;106;17.29;217.5;107;9.79;11.8;8;3.19;1;1
AL;25;408;337-4600;0;0;0;264.9;80;45.03;281.2;66;23.9;166.1;80;7.47;8.4;4;2.27;1;1
DC;73;408;355-5922;0;0;0;122;92;20.74;138.3;114;11.76;224.2;128;10.09;5.8;5;1.57;1;0
ND;120;415;369-5810;0;0;0;177.2;88;30.12;270.4;99;22.98;231.5;90;10.42;14;2;3.78;2;0
TN;196;415;340-8291;0;0;0;133.1;80;22.63;206.5;120;17.55;221.6;96;9.97;10.3;8;2.78;1;0
DE;97;510;354-7397;0;0;0;225.1;90;38.27;279.5;127;23.76;233.8;103;10.52;8.8;4;2.38;0;1
NY;148;408;407-7464;0;0;0;208.4;120;35.43;174.4;99;14.82;310.7;105;13.98;11.2;4;3.02;1;0
AL;85;408;386-6411;0;1;30;173.1;107;29.43;247.2;101;21.01;158.7;104;7.14;11.5;5;3.11;1;0
OK;86;510;397-3746;1;0;0;162.4;131;27.61;167;102;14.2;128.9;118;5.8;11.4;2;3.08;2;1
MS;78;415;410-5236;0;1;13;281.2;93;47.8;178.2;101;15.15;244.2;129;10.99;6.4;5;1.73;2;0
MD;106;415;409-2412;0;0;0;208.3;89;35.41;169.4;67;14.4;102;90;4.59;15.9;4;4.29;3;0
NE;147;415;400-7280;0;1;38;243.4;126;41.38;273.8;109;23.27;282.9;91;12.73;14.1;8;3.81;2;0
AR;145;415;332-5820;0;0;0;224.2;89;38.11;314.9;121;26.77;182.9;121;8.23;16.1;3;4.35;1;1
IL;91;415;373-4483;0;0;0;189.3;100;32.18;239.3;107;20.34;89.7;89;4.04;9.9;3;2.67;3;0
IN;81;408;347-6717;0;1;46;168.3;124;28.61;270.9;103;23.03;222.5;98;10.01;6.7;2;1.81;4;0
UT;116;415;380-2929;0;1;24;232.9;90;39.59;152.1;94;12.93;344.3;82;15.49;10.7;6;2.89;1;0
LA;69;415;420-7692;0;1;37;155;98;26.35;142.4;105;12.1;143.7;117;6.47;5.9;4;1.59;1;0
ID;135;510;380-6437;0;0;0;154.4;130;26.25;203.8;90;17.32;158.7;59;7.14;11.8;3;3.19;0;0
KY;73;510;377-8309;0;0;0;234.7;102;39.9;195.7;110;16.63;253.4;71;11.4;8.4;8;2.27;2;0
MI;48;415;407-2718;0;0;0;240;88;40.8;141;117;11.99;128.9;137;5.8;7.1;9;1.92;1;0
NH;125;415;357-1938;1;0;0;298.4;78;50.73;270.5;142;22.99;107.3;84;4.83;12.2;2;3.29;0;1
WV;100;415;381-3735;0;0;0;166;102;28.22;236.1;97;20.07;134.3;93;6.04;10.9;4;2.94;1;0
OR;165;415;409-8453;0;1;33;111.6;140;18.97;213.3;111;18.13;267.6;115;12.04;16;3;4.32;0;0
SD;64;415;395-6758;0;0;0;174.5;98;29.67;180.2;103;15.32;179;89;8.06;10.7;2;2.89;2;0
MD;116;510;399-5424;1;1;27;175.5;137;29.84;210.6;60;17.9;294.8;121;13.27;6.9;5;1.86;1;0
ND;147;408;409-4671;1;1;35;157.5;109;26.78;189.6;67;16.12;227;76;10.22;11.1;2;3;3;1
TN;115;415;374-6525;0;0;0;206.2;113;35.05;176.4;102;14.99;297.1;119;13.37;11;7;2.97;1;0
MO;84;415;406-8665;0;1;35;207.5;138;35.28;201;116;17.09;164.5;107;7.4;7.5;16;2.03;4;0
IL;86;510;342-7716;0;1;16;144.8;105;24.62;206.2;111;17.53;255.4;117;11.49;11.6;2;3.13;4;0
UT;134;415;417-2221;0;0;0;258.8;85;44;129.5;114;11.01;193.6;106;8.71;10.9;7;2.94;2;0
MI;105;415;376-5213;0;0;0;226.9;106;38.57;182.2;77;15.49;203.9;107;9.18;11.6;2;3.13;0;1
AR;88;408;348-7448;0;0;0;152.9;119;25.99;171.2;107;14.55;257;106;11.57;12;5;3.24;2;0
TX;90;408;328-8179;0;1;27;156.7;51;26.64;236.5;118;20.1;123.2;111;5.54;12.6;6;3.4;2;0
AK;86;408;389-4602;0;0;0;150.8;85;25.64;295.9;88;25.15;247.2;104;11.12;12.5;1;3.38;1;0
TN;37;415;413-2238;0;0;0;221;126;37.57;204.5;110;17.38;118;98;5.31;6.8;3;1.84;4;0
NH;141;415;402-3370;0;1;32;322.4;92;54.81;283.2;107;24.07;209.5;111;9.43;6.7;3;1.81;1;1
NM;148;408;348-6008;0;0;0;153.6;148;26.11;262.1;87;22.28;225.5;99;10.15;9.8;3;2.65;2;0
MN;163;408;371-5655;0;1;22;215.1;91;36.57;138.9;102;11.81;146.2;109;6.58;12.4;2;3.35;2;0
IA;89;415;374-5224;0;1;35;174.4;108;29.65;196.7;100;16.72;127.4;74;5.73;11.8;3;3.19;1;0
RI;63;415;371-1187;0;0;0;180.5;126;30.69;230;98;19.55;232.5;73;10.46;10.6;3;2.86;0;0
AL;102;415;337-1100;0;0;0;123.1;106;20.93;182;102;15.47;244.6;75;11.01;12.6;7;3.4;2;0
NC;76;510;421-8141;0;0;0;165.7;94;28.17;257.4;80;21.88;170.8;114;7.69;10;4;2.7;1;0
SD;104;408;406-2678;0;0;0;200.2;92;34.03;118.7;87;10.09;236.6;65;10.65;6;6;1.62;2;0
MT;109;510;415-9649;0;0;0;154.8;82;26.32;287.7;109;24.45;208.4;80;9.38;5.9;9;1.59;3;0
HI;105;510;364-8128;0;0;0;125.4;116;21.32;261.5;95;22.23;241.6;104;10.87;11.4;9;3.08;2;0
MT;63;415;356-7817;0;1;33;184.2;111;31.31;312.6;89;26.57;264;55;11.88;12.2;4;3.29;1;0
KY;105;415;404-6357;0;1;24;274.7;99;46.7;193.5;118;16.45;299.6;109;13.48;10.8;3;2.92;3;0
DC;68;415;398-2138;1;1;39;142;140;24.14;241.6;89;20.54;302;72;13.59;11.3;5;3.05;1;0
CO;63;408;378-8029;1;1;21;151.5;99;25.76;147.8;89;12.56;210.4;114;9.47;10;4;2.7;1;0
MI;74;415;386-4215;0;0;0;124.8;114;21.22;133;121;11.31;160.3;85;7.21;10.6;7;2.86;3;0
AL;76;415;367-8156;0;0;0;179.2;85;30.46;222.9;66;18.95;188.2;113;8.47;12.4;2;3.35;0;0
KS;91;408;382-8079;1;0;0;246.4;110;41.89;182;98;15.47;157.6;106;7.09;12.1;2;3.27;2;1
NC;101;415;354-2985;0;0;0;232.7;114;39.56;186.4;123;15.84;153.3;122;6.9;11.5;6;3.11;5;0
SC;116;408;373-6922;0;0;0;288;120;48.96;255.8;90;21.74;233.4;99;10.5;13.4;4;3.62;0;1
CO;131;415;397-7125;0;1;23;170.8;145;29.04;236.7;93;20.12;294.5;100;13.25;12.7;1;3.43;1;0
MN;84;415;333-6296;0;0;0;216.1;114;36.74;197.5;107;16.79;217.8;104;9.8;9.8;3;2.65;1;0
WY;104;415;365-6022;0;0;0;138.7;100;23.58;215.4;58;18.31;164.3;98;7.39;4.9;4;1.32;2;0
FL;108;510;365-1688;0;0;0;210.7;112;35.82;238.7;73;20.29;253.6;90;11.41;9.2;5;2.48;3;0
NY;111;415;382-4872;0;0;0;181.8;117;30.91;158.1;91;13.44;266.2;123;11.98;9.7;9;2.62;0;0
OK;155;408;367-6136;0;1;30;61.6;103;10.47;255.1;110;21.68;225.9;96;10.17;12.4;5;3.35;1;0
ME;66;510;404-3592;0;0;0;207.7;85;35.31;196.7;112;16.72;261.7;83;11.78;6.8;3;1.84;1;0
NE;64;510;415-2949;0;0;0;219.2;73;37.26;167;65;14.2;161.4;119;7.26;10;5;2.7;1;0
OH;69;415;375-8880;0;0;0;227;122;38.59;258.7;111;21.99;169.7;87;7.64;8.9;1;2.4;2;0
CT;116;415;335-6832;0;0;0;245.9;73;41.8;240.1;87;20.41;158.7;89;7.14;8.9;5;2.4;3;0
DC;101;415;361-8367;0;0;0;257.3;84;43.74;184.8;115;15.71;108.9;109;4.9;13.5;7;3.65;0;0
OK;15;415;408-2002;0;0;0;121.1;130;20.59;216;86;18.36;235.1;33;10.58;16.1;5;4.35;2;0
NJ;88;415;347-8659;0;0;0;301.5;136;51.26;257.7;72;21.9;132.9;118;5.98;13.4;2;3.62;4;1
IA;197;415;376-2922;0;0;0;233.9;96;39.76;218.9;111;18.61;182.9;109;8.23;9.5;3;2.57;0;0
VA;50;415;382-2182;1;0;0;99.6;108;16.93;308.7;102;26.24;161.2;62;7.25;13.7;6;3.7;2;1
VA;172;510;408-2089;0;0;0;169.8;123;28.87;183.1;94;15.56;395;72;17.77;12.7;7;3.43;2;0
NM;188;415;369-6890;1;1;26;198.8;115;33.8;166.6;67;14.16;198.5;118;8.93;14.4;3;3.89;1;1
FL;85;408;347-2951;1;0;0;116.2;86;19.75;229.7;127;19.52;204.2;109;9.19;10.1;3;2.73;3;0
RI;103;510;420-6324;1;0;0;255.9;128;43.5;140.9;92;11.98;308.9;130;13.9;12.1;2;3.27;1;1
NJ;136;408;402-7650;0;1;27;187.7;84;31.91;221;147;18.79;145.7;110;6.56;10;4;2.7;3;0
NE;155;408;391-2702;0;1;21;195.9;91;33.3;213.9;84;18.18;88.2;111;3.97;8.6;4;2.32;0;0
WV;145;415;383-3375;0;0;0;129.4;97;22;185.4;101;15.76;204.7;106;9.21;1.1;2;0.3;2;0
WY;116;510;392-2733;0;1;12;221;108;37.57;151;118;12.84;179;80;8.06;9;6;2.43;2;0
SC;152;408;397-9933;0;0;0;140.5;92;23.89;186.8;96;15.88;227;89;10.22;9.5;5;2.57;2;0
MS;65;415;383-9306;1;0;0;277.9;123;47.24;155.8;112;13.24;256.9;71;11.56;9.2;10;2.48;0;1
ND;180;415;369-1929;0;0;0;224.9;105;38.23;250;101;21.25;216.1;73;9.72;6.7;5;1.81;3;1
IL;67;415;369-4377;0;0;0;109.1;117;18.55;217.4;124;18.48;188.4;141;8.48;12.8;6;3.46;0;0
OR;60;415;366-9430;0;0;0;207.8;109;35.33;123.5;112;10.5;291.6;115;13.12;5.7;9;1.54;0;0
UT;138;510;353-7407;0;0;0;205.9;96;35;257.1;94;21.85;209;63;9.4;12.1;8;3.27;0;0
IA;44;415;359-7426;0;0;0;308.6;139;52.46;150.8;94;12.82;198.7;66;8.94;7.3;3;1.97;4;1
ME;25;510;332-7391;0;0;0;242.6;69;41.24;209;117;17.77;219.7;82;9.89;14.4;6;3.89;2;0
WY;145;408;405-6559;0;0;0;229.6;82;39.03;138.1;103;11.74;250.8;109;11.29;3.3;3;0.89;1;0
WI;122;510;338-8784;0;1;28;166;62;28.22;233.9;88;19.88;170.1;84;7.65;7.7;3;2.08;2;0
SC;121;415;415-6347;0;0;0;144.8;126;24.62;200.6;82;17.05;208.8;81;9.4;13.3;9;3.59;0;1
DC;55;510;354-5058;1;0;0;106.1;77;18.04;123.5;100;10.5;96.4;92;4.34;12.9;3;3.48;0;0
CT;77;415;342-5701;0;0;0;221.8;84;37.71;166;125;14.11;210.2;72;9.46;13.2;4;3.56;1;0
OR;12;415;378-4179;0;0;0;204.6;98;34.78;212.5;90;18.06;182.1;95;8.19;9.8;7;2.65;2;0
OR;64;510;407-6391;0;0;0;213.5;93;36.3;166.6;114;14.16;122;78;5.49;14.1;3;3.81;3;0
NV;92;415;404-3105;0;1;44;152;95;25.84;274.9;73;23.37;162.4;121;7.31;10;1;2.7;2;0
MN;125;415;390-9735;1;1;29;260.8;81;44.34;163.7;112;13.91;271.7;117;12.23;17;6;4.59;1;1
OK;160;408;350-4820;0;0;0;166.4;117;28.29;317;129;26.95;160.4;121;7.22;10;2;2.7;1;0
KS;79;415;383-8807;0;0;0;177.9;83;30.24;167.3;84;14.22;223.7;142;10.07;15.2;8;4.1;0;0
RI;36;415;366-8382;0;0;0;235.1;97;39.97;196.8;104;16.73;259.7;110;11.69;7;7;1.89;3;0
DC;102;415;402-9704;0;0;0;186.8;92;31.76;173.7;123;14.76;250.9;131;11.29;9.7;4;2.62;2;0
IL;138;408;405-2209;1;0;0;268.4;81;45.63;174.4;115;14.82;193.5;96;8.71;11.6;4;3.13;1;0
UT;164;510;397-3939;0;0;0;192.1;95;32.66;249.8;94;21.23;132.6;100;5.97;7.3;3;1.97;3;0
MN;125;415;343-2689;0;0;0;240.7;82;40.92;269.4;85;22.9;187.1;74;8.42;10.1;3;2.73;0;1
WI;72;408;383-9448;0;0;0;179.9;113;30.58;149.8;112;12.73;168.2;79;7.57;9.8;7;2.65;2;0
MI;74;415;359-6232;0;0;0;314.1;86;53.4;222.4;99;18.9;259;121;11.66;12.3;5;3.32;3;1
MI;134;415;369-9772;0;1;41;162;82;27.54;324.7;77;27.6;160.1;112;7.2;11.9;5;3.21;0;0
MA;145;415;381-7003;0;0;0;175.8;89;29.89;274.3;119;23.32;226.6;69;10.2;12.4;4;3.35;1;0
AL;136;510;352-6732;0;0;0;109.4;91;18.6;207.5;111;17.64;135;107;6.08;11.6;5;3.13;0;0
SC;209;510;388-7540;0;0;0;255.1;124;43.37;230.6;110;19.6;218;69;9.81;8.5;5;2.3;3;1
WI;66;415;356-3333;1;0;0;208.7;84;35.48;173.3;88;14.73;264.7;107;11.91;8.3;3;2.24;3;0
VT;152;510;333-9664;0;1;20;214.6;108;36.48;96.6;82;8.21;170.7;145;7.68;7.9;5;2.13;1;0
CT;162;408;363-3763;0;0;0;49.2;121;8.36;143.9;136;12.23;203;97;9.14;12.1;13;3.27;1;0
OR;72;510;345-7900;0;0;0;141.3;133;24.02;134.9;96;11.47;227.5;97;10.24;11.2;3;3.02;2;0
HI;101;415;400-5511;0;0;0;253.2;89;43.04;237.9;114;20.22;154.3;85;6.94;9.7;7;2.62;4;0
WV;125;415;381-7597;0;0;0;206;128;35.02;198.1;71;16.84;135.9;116;6.12;13.2;3;3.56;0;0
RI;46;408;404-9775;0;0;0;40.4;105;6.87;172.4;83;14.65;145.1;89;6.53;9;2;2.43;2;0
MI;132;408;389-4608;0;0;0;291.2;104;49.5;234.2;132;19.91;191.7;87;8.63;8.9;3;2.4;1;1
ME;193;415;403-1742;0;1;31;71.2;58;12.1;124.7;105;10.6;155.5;108;7;11.7;3;3.16;0;0
WV;63;510;328-9797;0;0;0;261.8;69;44.51;245;135;20.83;202.1;94;9.09;14.7;4;3.97;0;1
NE;124;510;359-9223;0;0;0;191.3;134;32.52;261.5;113;22.23;182.3;111;8.2;10;3;2.7;1;0
DC;144;415;336-7696;0;0;0;133.3;101;22.66;255.5;127;21.72;228.6;68;10.29;11.6;2;3.13;0;0
NH;116;408;369-2214;0;1;24;183.6;138;31.21;203.8;90;17.32;166.9;89;7.51;6;3;1.62;2;0
MD;189;415;411-1325;0;1;30;155.2;116;26.38;195.5;50;16.62;170.1;108;7.65;15.4;6;4.16;1;0
NH;97;408;410-7553;0;1;28;283.1;93;48.13;185.4;98;15.76;312.8;78;14.08;6.1;8;1.65;1;0
WV;137;510;376-4284;0;1;50;186.5;94;31.71;178;106;15.13;215.6;100;9.7;12.1;4;3.27;2;0
IL;142;415;334-2800;0;1;38;163.3;104;27.76;136;114;11.56;249.1;127;11.21;4.3;6;1.16;0;0
OK;84;510;369-1904;0;0;0;203.4;125;34.58;182.9;88;15.55;213.7;121;9.62;13.8;2;3.73;1;0
NH;119;415;359-3833;0;1;19;178.1;110;30.28;212.8;100;18.09;226.3;123;10.18;10;6;2.7;1;0
MI;158;415;348-5569;0;0;0;195.9;103;33.3;89.1;95;7.57;302.2;82;13.6;10.3;3;2.78;1;0
ND;50;415;342-1960;0;0;0;295.3;127;50.2;127.4;100;10.83;166.8;105;7.51;9.6;6;2.59;1;0
LA;98;408;352-9050;0;0;0;136.1;82;23.14;156.3;118;13.29;158.8;83;7.15;10.1;5;2.73;2;0
HI;101;415;390-5316;0;1;24;114.1;95;19.4;161.5;86;13.73;176.3;90;7.93;13;9;3.51;2;0
NJ;182;415;418-8568;0;0;0;279.1;124;47.45;180.5;108;15.34;217.5;104;9.79;9.5;11;2.57;2;1
WV;51;408;401-4844;0;0;0;169.3;111;28.78;139.5;69;11.86;197;87;8.87;12;3;3.24;0;0
NC;117;510;376-5471;0;0;0;214.4;94;36.45;138;149;11.73;148.7;102;6.69;9.9;1;2.67;2;0
PA;92;415;409-2917;1;0;0;255.8;125;43.49;142.7;111;12.13;181.2;101;8.15;11.7;3;3.16;0;0
MI;86;408;369-6308;0;0;0;148.2;71;25.19;285.1;91;24.23;166.4;155;7.49;6.2;3;1.67;2;0
WY;122;415;357-7385;0;0;0;119.3;93;20.28;223.9;103;19.03;211.9;122;9.54;8.7;4;2.35;2;0
NJ;156;408;405-7119;0;1;27;192.3;137;32.69;199.9;115;16.99;244.2;112;10.99;14.8;8;4;1;0
NJ;127;510;405-3309;0;0;0;245.2;91;41.68;217.2;92;18.46;243.1;128;10.94;13.9;6;3.75;0;1
NC;130;408;384-4938;1;0;0;216.2;106;36.75;363.7;86;30.91;126.7;123;5.7;16.9;2;4.56;5;1
NM;158;408;377-2725;0;0;0;172.4;114;29.31;256.6;69;21.81;235.3;104;10.59;0;0;0;2;0
MS;145;510;405-6398;1;1;30;175.3;107;29.8;153.3;116;13.03;233.6;85;10.51;11.1;3;3;1;0
TX;90;415;355-9366;1;1;26;169;104;28.73;188.8;104;16.05;213.3;76;9.6;13.3;3;3.59;0;1
OK;127;510;403-1128;0;1;27;2.6;113;0.44;254;102;21.59;242.7;156;10.92;9.2;5;2.48;3;0
ID;109;415;384-9682;0;0;0;184.1;143;31.3;211.7;105;17.99;243;116;10.93;9.9;2;2.67;1;0
AL;88;415;352-5393;0;0;0;181.9;90;30.92;151.5;87;12.88;143;100;6.44;7.5;3;2.03;1;0
WY;101;510;395-1229;0;1;9;160.1;116;27.22;210;121;17.85;139.1;65;6.26;10.8;9;2.92;0;0
HI;171;510;361-9195;0;0;0;189.8;122;32.27;173.7;85;14.76;257.1;84;11.57;10.3;1;2.78;0;0
VA;21;415;351-6366;0;0;0;223.2;142;37.94;216.5;114;18.4;214.7;111;9.66;12.4;2;3.35;1;0
WV;145;408;346-4919;0;1;31;216;94;36.72;225.1;123;19.13;234.7;109;10.56;10.7;1;2.89;2;0
DE;90;415;354-9068;0;0;0;198.5;124;33.75;266.6;100;22.66;243.3;80;10.95;8;7;2.16;2;0
CA;33;408;369-2743;0;0;0;159.5;115;27.12;195.4;118;16.61;102.4;86;4.61;7.1;7;1.92;1;0
PA;61;408;343-1347;0;1;40;105;78;17.85;180.6;100;15.35;174.1;115;7.83;10.2;2;2.75;2;1
CO;107;415;336-5495;0;0;0;204.5;108;34.77;162.4;110;13.8;155;102;6.98;13.4;1;3.62;3;0
MD;147;408;376-4292;0;0;0;274;92;46.58;231.8;82;19.7;283.6;83;12.76;6.2;1;1.67;0;1
AL;117;510;391-8677;0;0;0;158.7;84;26.98;181.7;91;15.44;177.3;67;7.98;7.7;10;2.08;2;0
AL;95;415;350-7273;0;0;0;229.9;116;39.08;202.4;110;17.2;171.4;105;7.71;14.2;6;3.83;1;0
KS;186;510;400-6454;0;0;0;137.8;97;23.43;187.7;118;15.95;146.4;85;6.59;8.7;6;2.35;1;0
MI;128;415;422-3052;0;0;0;179.4;94;30.5;270.4;92;22.98;191;88;8.59;7.9;4;2.13;0;0
AK;55;408;365-6756;0;1;39;139.3;101;23.68;178.3;117;15.16;246.5;104;11.09;8.1;1;2.19;3;0
OH;134;415;406-4158;0;0;0;7.8;86;1.33;171.4;100;14.57;186.5;80;8.39;12.9;2;3.48;2;0
IN;96;415;383-4641;0;1;23;183.1;88;31.13;147.4;89;12.53;350.2;108;15.76;11.3;7;3.05;1;0
SC;107;415;368-5165;0;0;0;206.9;79;35.17;262.4;117;22.3;149.3;69;6.72;10.7;3;2.89;0;0
KS;123;415;378-2432;0;0;0;140;106;23.8;153.7;101;13.06;50.1;87;2.25;12.5;1;3.38;2;0
OK;35;415;362-4159;0;0;0;179.2;59;30.46;283.3;101;24.08;285.4;83;12.84;5.8;7;1.57;2;0
WI;74;408;363-7979;0;0;0;177.4;136;30.16;240.3;104;20.43;237.3;133;10.68;12;3;3.24;0;0
IN;130;408;334-9818;0;0;0;115.6;129;19.65;167.8;104;14.26;141.8;124;6.38;12.6;9;3.4;1;0
IL;137;408;352-5787;1;0;0;237.3;103;40.34;176.7;84;15.02;263.4;81;11.85;14.2;4;3.83;0;1
TN;88;415;332-3617;0;0;0;181.5;116;30.86;187;119;15.9;220.3;96;9.91;10.5;7;2.84;1;0
DC;80;408;327-9957;0;0;0;51.5;90;8.76;164;98;13.94;169.4;80;7.62;9.5;4;2.57;3;0
NC;116;408;338-7527;0;1;19;155.7;104;26.47;185.4;118;15.76;192.7;116;8.67;8.2;2;2.21;3;0
RI;123;510;348-8711;0;1;23;245;88;41.65;265;105;22.53;239.7;108;10.79;14.9;3;4.02;2;0
MS;120;415;421-3226;0;0;0;131.7;99;22.39;163.1;109;13.86;201.1;116;9.05;10.7;3;2.89;1;0
VA;146;415;391-4358;1;0;0;111.1;126;18.89;313.4;95;26.64;215.7;82;9.71;10.5;6;2.84;1;0
KY;106;510;379-2523;0;1;9;88.5;100;15.05;324.8;109;27.61;79.9;86;3.6;8.2;4;2.21;3;0
NV;121;408;419-2369;0;1;44;116;85;19.72;150.1;120;12.76;246.8;98;11.11;12;2;3.24;1;0
WI;137;510;382-1227;0;0;0;155.5;81;26.44;133.1;94;11.31;253.1;77;11.39;9.1;2;2.46;1;0
NH;84;408;409-5749;0;1;30;106.5;65;18.11;225.7;108;19.18;188.6;61;8.49;5.7;3;1.54;2;0
NE;67;510;362-7951;0;1;31;175.2;68;29.78;199.2;73;16.93;219.8;99;9.89;13.2;6;3.56;1;0
WI;161;408;415-3537;0;0;0;154.7;84;26.3;177.8;125;15.11;172.9;90;7.78;5.9;2;1.59;4;1
NJ;134;510;373-3959;0;1;34;247.2;105;42.02;225.5;133;19.17;186.3;76;8.38;6.1;5;1.65;2;1
ME;62;415;358-1346;1;1;32;218.4;93;37.13;236.7;132;20.12;192.2;137;8.65;13.2;3;3.56;0;1
WY;120;415;381-8422;0;1;24;227.5;81;38.68;234.9;71;19.97;166.4;128;7.49;9;13;2.43;1;0
IN;130;408;360-9005;0;1;30;185;117;31.45;249.5;141;21.21;157.8;103;7.1;7.4;7;2;0;0
WI;20;408;344-5967;0;0;0;186.8;89;31.76;253.4;51;21.54;273.1;105;12.29;12.3;6;3.32;2;0
VT;68;415;396-6390;0;0;0;158.8;119;27;211.8;105;18;198.1;101;8.91;10.3;3;2.78;1;0
CA;112;415;346-5036;0;0;0;208.7;150;35.48;212.8;104;18.09;178.1;98;8.01;8.5;4;2.3;0;0
IN;77;408;328-7252;0;0;0;185.9;95;31.6;212;98;18.02;282.3;81;12.7;11.3;4;3.05;3;0
SC;109;415;360-1745;0;0;0;222.5;74;37.83;169.7;75;14.42;264.3;94;11.89;9;3;2.43;2;0
IN;108;415;358-2046;0;0;0;201.1;101;34.19;170.7;86;14.51;237.4;113;10.68;11.6;3;3.13;3;0
IA;79;415;344-6935;0;1;17;167.9;114;28.54;243.7;93;20.71;211.9;114;9.54;9.1;2;2.46;1;0
MD;119;408;401-9665;0;0;0;239.1;88;40.65;243.5;79;20.7;230.9;92;10.39;10.9;3;2.94;3;1
MN;38;510;399-5291;0;0;0;175.7;109;29.87;211.8;97;18;137.9;109;6.21;9.2;3;2.48;5;1
AR;109;415;409-6588;0;1;29;111.2;90;18.9;263.5;98;22.4;224.7;128;10.11;9;6;2.43;6;1
MS;78;415;358-5721;0;0;0;87.7;74;14.91;214.8;58;18.26;201.3;147;9.06;10.8;6;2.92;1;0
MN;134;415;414-7446;0;0;0;244.1;99;41.5;246.9;111;20.99;200;133;9;7.2;2;1.94;0;0
WA;47;415;329-9517;0;1;27;165;89;28.05;127.3;118;10.82;284.4;95;12.8;7.7;4;2.08;2;0
MS;59;408;415-9553;0;1;27;127.4;110;21.66;103.3;99;8.78;164.2;73;7.39;9.1;3;2.46;0;0
ID;151;415;413-3177;0;0;0;194.8;106;33.12;292.7;103;24.88;224.6;82;10.11;5.5;3;1.49;0;0
NC;129;415;347-5113;0;0;0;54.7;131;9.3;256.1;105;21.77;176.6;135;7.95;11.1;4;3;1;0
VA;107;510;330-2662;0;1;27;283.4;104;48.18;224.1;152;19.05;241.3;63;10.86;14.4;7;3.89;2;0
MT;137;408;330-5824;1;0;0;258;112;43.86;246.5;117;20.95;173.2;100;7.79;10.9;3;2.94;0;1
MI;76;510;411-1261;0;0;0;90.5;142;15.39;211.7;75;17.99;194.9;76;8.77;9.3;2;2.51;1;0
HI;24;415;329-8788;0;0;0;235.6;132;40.05;115.9;129;9.85;185.4;136;8.34;16.2;2;4.37;0;0
NC;169;408;333-7869;0;0;0;142.5;82;24.23;231.4;110;19.67;131.2;67;5.9;10;4;2.7;2;0
MN;30;408;399-4800;0;0;0;54;68;9.18;179.3;96;15.24;247.2;101;11.12;10.2;8;2.75;1;0
WV;70;415;402-2072;0;0;0;214.8;87;36.52;131;114;11.14;216.9;104;9.76;9.4;3;2.54;3;0
SD;52;510;403-6187;1;0;0;251.4;118;42.74;196.6;80;16.71;192;53;8.64;11;2;2.97;0;1
HI;3;408;355-2872;0;0;0;139;99;23.63;250.7;108;21.31;286.2;87;12.88;6.1;3;1.65;4;0
MS;38;415;386-2970;0;0;0;117.3;114;19.94;208.7;105;17.74;203.4;98;9.15;14.4;2;3.89;2;0
NY;104;415;389-6081;0;0;0;264;108;44.88;132.2;75;11.24;177.7;91;8;10.6;8;2.86;3;0
LA;27;408;348-7556;0;0;0;82.6;105;14.04;204;99;17.34;224.2;122;10.09;9.1;4;2.46;1;0
KS;166;415;334-9163;1;1;28;175.8;126;29.89;253.6;76;21.56;128.5;72;5.78;11.4;5;3.08;1;0
MA;13;408;411-4293;0;0;0;220.4;100;37.47;211.2;79;17.95;259.3;112;11.67;13.6;8;3.67;2;0
AK;52;408;375-5562;0;0;0;217;104;36.89;152.3;83;12.95;134.3;109;6.04;11.8;4;3.19;2;0
SD;114;415;386-3823;0;1;25;129;77;21.93;290;110;24.65;177.1;110;7.97;11.6;5;3.13;1;0
CO;156;408;364-6445;0;0;0;150.5;106;25.59;152.9;112;13;215.9;86;9.72;3.5;3;0.95;1;0
NH;90;415;383-2251;0;1;42;193.3;66;32.86;263.3;85;22.38;214.4;97;9.65;11.1;4;3;0;0
WV;62;415;351-3169;0;0;0;189.5;122;32.22;103.8;95;8.82;180.6;106;8.13;10.8;5;2.92;2;0
AZ;82;415;413-6380;0;1;33;137.8;95;23.43;235.5;128;20.02;268.1;70;12.06;11;6;2.97;2;0
ME;52;510;380-9674;0;0;0;129.3;80;21.98;142.7;101;12.13;258.3;89;11.62;12.3;4;3.32;3;0
NH;146;510;345-2319;0;0;0;115.6;77;19.65;213.6;100;18.16;218.4;72;9.83;10.7;6;2.89;1;0
RI;120;415;377-5441;0;1;23;221.9;114;37.72;254.7;84;21.65;250.5;117;11.27;7.2;5;1.94;2;0
ID;130;415;358-3692;0;0;0;263.7;113;44.83;186.5;103;15.85;195.3;99;8.79;18.3;6;4.94;1;1
WI;90;408;400-5831;0;0;0;61.3;91;10.42;194.4;94;16.52;143.1;80;6.44;11.4;9;3.08;1;0
NM;147;408;357-5995;1;0;0;183.8;113;31.25;164.7;110;14;111;87;5;10.1;4;2.73;1;0
WY;159;415;391-2159;0;0;0;167.4;68;28.46;143.8;74;12.22;140.1;111;6.3;10.3;3;2.78;0;1
IL;74;510;398-5954;0;1;27;154.1;122;26.2;195.3;150;16.6;276.7;86;12.45;13.2;2;3.56;4;0
TX;130;408;385-6175;0;0;0;252;101;42.84;170.2;105;14.47;209.2;64;9.41;5.7;5;1.54;0;0
RI;155;408;334-2961;1;0;0;163.1;94;27.73;291.7;108;24.79;96.4;111;4.34;11.2;3;3.02;0;0
MI;87;415;405-4303;0;0;0;198.3;80;33.71;187;89;15.9;133.5;96;6.01;16.6;4;4.48;2;0
OR;81;415;406-4100;0;0;0;324.7;48;55.2;236.4;82;20.09;187.6;78;8.44;13.1;5;3.54;0;1
VA;99;510;352-4401;0;0;0;128.3;78;21.81;215.3;120;18.3;143.7;140;6.47;14.3;9;3.86;2;0
SD;131;510;347-1473;0;0;0;187.9;110;31.94;200.5;101;17.04;202.6;125;9.12;10.2;11;2.75;2;0
AL;89;510;347-2016;0;0;0;129.2;71;21.96;214.1;68;18.2;214.9;100;9.67;10.3;4;2.78;5;1
MS;123;415;388-8948;1;0;0;125.5;106;21.34;128.9;96;10.96;251.9;129;11.34;6.3;6;1.7;4;1
MS;130;510;402-5509;0;1;26;257.2;108;43.72;224.3;122;19.07;204;118;9.18;12.6;4;3.4;1;0
HI;99;415;367-2598;0;0;0;124.6;90;21.18;146.4;70;12.44;169.4;95;7.62;10.5;6;2.84;1;0
WV;36;408;370-5001;0;0;0;175.1;144;29.77;216.9;69;18.44;243.7;146;10.97;9.9;3;2.67;1;0
WV;87;415;332-3693;0;0;0;124.3;91;21.13;173.4;105;14.74;256.3;109;11.53;7.5;5;2.03;3;0
WV;139;415;403-9766;0;0;0;271.6;130;46.17;156;131;13.26;136.3;108;6.13;11.6;9;3.13;2;0
IN;189;510;363-2407;0;0;0;219.9;80;37.38;143.3;117;12.18;130.6;69;5.88;11.7;7;3.16;1;0
NM;96;415;395-9214;0;1;33;183.3;115;31.16;201.4;87;17.12;177.4;84;7.98;10.4;15;2.81;3;0
DE;112;408;351-8894;0;0;0;101.1;119;17.19;214.4;67;18.22;179.5;112;8.08;10.3;5;2.78;2;0
NC;75;408;406-5003;0;0;0;203.3;70;34.56;228.9;97;19.46;222.2;118;10;14.3;3;3.86;1;0
NM;178;415;398-1332;0;1;35;175.4;88;29.82;190;65;16.15;138.7;94;6.24;10.5;3;2.84;2;0
SC;112;415;363-8033;0;0;0;266;97;45.22;214.6;94;18.24;306.2;100;13.78;14.2;2;3.83;2;1
NJ;108;415;333-1012;0;1;41;171.6;110;29.17;136.1;78;11.57;183.4;103;8.25;10.8;7;2.92;0;0
AZ;100;510;391-6260;0;0;0;78.7;98;13.38;225.6;102;19.18;150.4;106;6.77;14;8;3.78;0;0
RI;121;510;336-1353;0;1;20;211.9;110;36.02;215.1;120;18.28;238.5;107;10.73;9.4;2;2.54;0;0
SD;116;415;365-5629;0;0;0;63.7;101;10.83;195.8;95;16.64;210.1;87;9.45;10;6;2.7;1;0
NH;161;415;349-4397;0;0;0;173.4;100;29.48;213.7;74;18.16;141.5;69;6.37;11.5;4;3.11;1;0
AL;19;415;380-3910;1;0;0;237.7;98;40.41;207.1;121;17.6;182.2;95;8.2;4.5;4;1.22;0;0
WV;104;415;354-7820;0;0;0;225.9;123;38.4;162.8;106;13.84;272.1;85;12.24;10.1;4;2.73;1;0
ID;119;415;338-9952;1;1;32;173;101;29.41;209.4;93;17.8;231.1;91;10.4;12.2;4;3.29;0;0
MD;125;415;405-1821;0;0;0;224.9;102;38.23;143.8;87;12.22;198.9;105;8.95;8;2;2.16;0;0
IN;156;510;329-8669;0;0;0;237.7;122;40.41;181.5;91;15.43;185.7;151;8.36;7.7;4;2.08;1;0
WY;109;415;328-8808;0;0;0;137;128;23.29;217;116;18.45;182.1;86;8.19;10;5;2.7;2;0
NH;95;510;409-3018;0;0;0;142.5;109;24.23;176.1;107;14.97;189.6;88;8.53;8.2;3;2.21;2;0
MN;90;408;421-5994;0;0;0;142.4;126;24.21;126.2;118;10.73;274.2;71;12.34;4.6;4;1.24;1;0
MA;105;415;354-4448;0;1;21;147;112;24.99;197.3;43;16.77;267.4;93;12.03;8.7;3;2.35;2;0
NH;101;510;352-5081;0;0;0;220.3;124;37.45;188.6;101;16.03;278.4;98;12.53;10.6;4;2.86;1;0
MN;95;415;401-7803;0;0;0;149.2;96;25.36;260.7;116;22.16;201;120;9.05;8.1;2;2.19;1;0
IA;123;415;420-6052;0;0;0;204.4;88;34.75;137.5;111;11.69;226;100;10.17;10;4;2.7;0;0
NY;160;408;352-6084;0;0;0;216.8;77;36.86;207.3;117;17.62;228.6;117;10.29;5.6;2;1.51;1;0
AL;141;510;388-8583;0;1;28;308;123;52.36;247.8;128;21.06;152.9;103;6.88;7.4;3;2;1;0
WV;87;415;415-3158;0;0;0;58;125;9.86;67.5;116;5.74;185.9;136;8.37;11.5;3;3.11;0;0
NM;81;415;402-9304;0;0;0;173.2;80;29.44;236.2;94;20.08;240.2;84;10.81;11.8;6;3.19;2;0
CA;75;415;341-1916;0;1;19;210.3;90;35.75;241.8;87;20.55;215.7;102;9.71;13.1;3;3.54;4;0
MA;126;408;381-2745;0;1;24;58.9;125;10.01;305.5;90;25.97;158.9;73;7.15;12.1;6;3.27;0;0
ME;28;415;402-5014;0;0;0;236.8;102;40.26;167.1;87;14.2;280.2;115;12.61;9.7;3;2.62;3;0
FL;153;415;399-8846;0;0;0;228.9;102;38.91;160.7;136;13.66;203.1;109;9.14;12.5;2;3.38;0;0
NH;97;408;328-9267;0;1;32;90;87;15.3;276.3;113;23.49;185.2;107;8.33;8.6;6;2.32;2;1
IN;115;408;348-7224;0;0;0;146.7;128;24.94;106.2;74;9.03;197.7;104;8.9;11.1;4;3;2;0
WI;95;408;336-2190;0;0;0;237.3;83;40.34;154;65;13.09;237;105;10.67;11.2;6;3.02;1;0
MA;17;415;376-4705;1;0;0;162.8;118;27.68;229.6;91;19.52;332.7;94;14.97;13.6;3;3.67;0;1
NH;105;415;381-4076;0;1;20;186.9;114;31.77;256.3;91;21.79;334.7;104;15.06;8.9;2;2.4;1;0
TX;121;415;348-8464;0;0;0;86.1;100;14.64;259.8;113;22.08;148;79;6.66;9.1;9;2.46;2;0
NC;125;408;412-7020;0;0;0;212.3;89;36.09;215.4;127;18.31;186.8;73;8.41;11.3;2;3.05;2;0
CT;124;415;386-8432;0;0;0;151;98;25.67;120.6;119;10.25;152.8;81;6.88;9.2;2;2.48;2;0
NJ;35;408;337-1802;0;0;0;158.6;67;26.96;130.4;96;11.08;229.8;80;10.34;6.9;5;1.86;2;0
WY;134;510;366-1084;0;0;0;296;93;50.32;226.4;117;19.24;246.8;98;11.11;12.3;10;3.32;0;1
LA;123;510;352-4182;0;1;32;212.3;77;36.09;251.5;78;21.38;208.7;85;9.39;6.6;2;1.78;3;0
NV;124;415;368-5628;0;0;0;234.4;61;39.85;179.3;111;15.24;285.5;117;12.85;10.4;6;2.81;3;0
WV;133;510;333-8996;0;0;0;176.8;92;30.06;187.5;97;15.94;196.8;88;8.86;6.5;3;1.76;2;0
AR;185;415;353-2557;0;1;19;157.3;123;26.74;257.7;94;21.9;190.4;107;8.57;9.6;6;2.59;0;0
SC;1;415;356-8621;0;1;26;146.6;68;24.92;172.8;67;14.69;173.8;113;7.82;10;2;2.7;1;0
KS;107;415;354-6942;0;0;0;260.5;108;44.29;102.4;110;8.7;129.7;148;5.84;9.8;5;2.65;1;0
NY;91;415;377-9829;0;1;20;146.1;98;24.84;277.4;104;23.58;137.7;100;6.2;6.2;3;1.67;1;0
MI;178;408;348-4660;1;0;0;124.5;134;21.17;141.2;78;12;268.2;113;12.07;11.4;2;3.08;2;1
MA;123;415;410-5199;0;0;0;209.4;49;35.6;237.4;117;20.18;239.2;98;10.76;9.8;11;2.65;1;0
UT;170;415;397-6542;0;0;0;285.7;44;48.57;167.5;144;14.24;260;97;11.7;8.7;4;2.35;1;1
HI;135;415;333-4492;0;0;0;190.9;44;32.45;161.4;109;13.72;231.9;100;10.44;8.4;2;2.27;1;0
PA;85;408;405-9573;0;0;0;144.4;88;24.55;264.6;105;22.49;185.4;94;8.34;9.9;3;2.67;1;0
OR;134;415;359-7255;0;1;50;208.8;130;35.5;132.9;104;11.3;136.7;107;6.15;11.1;4;3;2;0
TN;148;415;419-5501;0;1;36;77.6;141;13.19;207;60;17.6;255.7;115;11.51;10.9;2;2.94;1;0
CT;93;415;404-4809;0;0;0;271.1;101;46.09;237.4;133;20.18;145.4;103;6.54;8.4;6;2.27;1;1
AZ;138;415;344-6334;0;0;0;240.8;104;40.94;144.5;92;12.28;125.7;98;5.66;11.6;1;3.13;0;0
OR;159;510;400-1899;0;0;0;114.8;98;19.52;192.6;101;16.37;259;108;11.66;12.2;5;3.29;0;0
DE;103;415;346-5053;0;1;34;138.8;80;23.6;142;108;12.07;183.8;77;8.27;11.8;7;3.19;1;0
MA;150;408;398-2148;0;1;27;209.8;112;35.67;155;80;13.18;251.5;111;11.32;7.2;6;1.94;0;0
CT;37;408;347-7675;0;0;0;134.9;98;22.93;248.4;130;21.11;236.2;113;10.63;14.7;2;3.97;3;0
AR;33;415;411-8956;1;0;0;164;99;27.88;153.1;102;13.01;123.8;104;5.57;6.4;4;1.73;0;0
SD;55;415;390-3761;0;0;0;245.5;130;41.74;192.7;54;16.38;141.7;83;6.38;9.1;4;2.46;1;0
CT;134;408;377-3876;0;1;32;80.3;94;13.65;199.9;124;16.99;170.8;117;7.69;16.6;3;4.48;0;0
CT;107;408;345-2476;0;0;0;90.7;90;15.42;207.5;109;17.64;169.4;96;7.62;5.6;5;1.51;2;0
MA;80;408;337-7879;0;1;36;190.3;115;32.35;256.6;78;21.81;214.9;145;9.67;3.8;4;1.03;1;0
MS;78;408;361-7283;0;0;0;108.6;108;18.46;209.9;126;17.84;222.6;117;10.02;7.9;5;2.13;1;1
MT;85;408;372-4868;0;1;17;89.8;88;15.27;233.2;75;19.82;165.7;116;7.46;9.3;7;2.51;4;1
AK;61;415;346-8863;0;1;15;252.4;106;42.91;187.8;69;15.96;259.6;137;11.68;10;3;2.7;2;0
DE;97;415;390-5267;0;1;32;183.4;94;31.18;269.1;120;22.87;203.5;38;9.16;6.7;4;1.81;5;0
OH;136;408;392-1547;1;0;0;183.4;103;31.18;141.9;113;12.06;200.4;122;9.02;10.4;9;2.81;2;0
MN;135;408;340-8177;0;0;0;155.2;100;26.38;135.9;84;11.55;184.6;82;8.31;3.8;9;1.03;3;0
CA;87;415;383-4802;0;1;19;165.8;122;28.19;186.9;89;15.89;249.7;78;11.24;0;0;0;1;0
OH;165;510;378-8567;0;0;0;209.4;67;35.6;273.8;89;23.27;150.2;88;6.76;12.8;1;3.46;0;0
NV;148;415;406-7844;0;0;0;279.3;104;47.48;201.6;87;17.14;280.8;99;12.64;7.9;2;2.13;2;1
SC;99;415;402-9173;0;0;0;174.1;102;29.6;99.1;118;8.42;211.6;126;9.52;7.7;2;2.08;2;0
WV;123;415;352-3440;0;0;0;175.7;78;29.87;184.6;96;15.69;156.9;92;7.06;9.1;2;2.46;2;0
NM;127;415;363-1413;1;0;0;256.5;87;43.61;222.1;101;18.88;156.7;122;7.05;13;3;3.51;1;0
WY;151;415;394-8861;0;0;0;170.2;89;28.93;187.5;83;15.94;119.5;100;5.38;4.3;3;1.16;0;0
CA;185;408;358-4036;0;0;0;139.6;92;23.73;250.2;115;21.27;158.1;79;7.11;10.8;4;2.92;1;0
KS;65;415;392-4680;0;1;34;208.8;119;35.5;142.1;106;12.08;214.6;87;9.66;12.5;4;3.38;4;0
WY;58;510;354-2762;0;0;0;210.1;126;35.72;248.9;108;21.16;158.6;88;7.14;14.4;2;3.89;4;0
OK;104;415;371-5811;0;0;0;113.6;87;19.31;158.6;98;13.48;187.7;87;8.45;10.5;6;2.84;2;0
UT;44;415;387-2014;0;0;0;202.6;89;34.44;163;96;13.86;268.1;151;12.06;8.3;3;2.24;0;0
MA;58;408;411-6598;0;0;0;174.4;112;29.65;265.8;122;22.59;182.4;87;8.21;0;0;0;4;0
UT;108;415;355-9356;0;0;0;210.6;117;35.8;164.2;103;13.96;201.4;68;9.06;9.4;5;2.54;0;0
MN;132;510;406-4720;0;0;0;121.5;88;20.66;253;124;21.51;195.7;120;8.81;10.7;4;2.89;1;0
NE;80;415;356-7239;0;0;0;127.8;67;21.73;181.6;112;15.44;197.3;63;8.88;15.9;2;4.29;2;0
OH;162;415;328-8747;0;0;0;135.2;98;22.98;242;107;20.57;246.9;96;11.11;10.2;2;2.75;2;0
KY;110;510;388-9464;0;0;0;99.4;62;16.9;275;86;23.38;212.1;94;9.54;16.7;3;4.51;2;0
WA;96;415;406-2866;0;0;0;276.9;105;47.07;246.9;94;20.99;254.4;107;11.45;10.3;3;2.78;1;1
NY;168;408;333-5729;0;0;0;163.4;134;27.78;240.1;87;20.41;164;147;7.38;11.6;2;3.13;2;1
IN;72;510;391-1499;0;0;0;287.4;116;48.86;235.3;126;20;292.1;114;13.14;5;3;1.35;4;1
CO;125;408;386-8690;0;1;23;120.5;104;20.49;227.8;115;19.36;158.5;100;7.13;10.2;3;2.75;1;0
DC;170;510;391-2231;0;0;0;184.1;106;31.3;204.9;70;17.42;224.3;133;10.09;9.8;3;2.65;2;0
AK;71;510;332-2275;0;0;0;185;84;31.45;232.5;129;19.76;191.1;82;8.6;14.9;4;4.02;3;0
SC;124;415;340-4028;0;0;0;160.9;109;27.35;144.2;152;12.26;120.4;97;5.42;12.9;12;3.48;1;0
KS;68;415;363-3486;0;0;0;207.6;68;35.29;251.6;123;21.39;191.6;100;8.62;10.9;6;2.94;2;0
UT;97;415;418-3181;0;0;0;209.2;134;35.56;0;0;0;175.4;94;7.89;11.8;6;3.19;1;0
IL;98;510;351-3316;1;0;0;158.4;71;26.93;306.6;66;26.06;144.2;93;6.49;2.1;4;0.57;1;0
DC;24;408;369-3626;0;0;0;149;73;25.33;131;81;11.14;238.6;69;10.74;8.6;3;2.32;2;1
DC;136;510;353-2763;0;0;0;204.5;63;34.77;208.8;95;17.75;224;119;10.08;9.8;2;2.65;0;0
OK;44;408;358-7165;0;0;0;288.8;86;49.1;175.9;87;14.95;215.4;106;9.69;9.5;2;2.57;0;1
KY;96;415;353-3223;0;1;40;108.6;90;18.46;206.4;154;17.54;126.3;118;5.68;13.4;4;3.62;0;0
NE;31;415;338-9044;0;0;0;97.5;129;16.58;260.4;78;22.13;88.7;100;3.99;7;5;1.89;1;0
AL;72;415;341-7296;0;0;0;166.5;102;28.31;261;103;22.19;262.7;85;11.82;13.3;5;3.59;0;0
HI;24;415;398-4431;0;0;0;156.2;104;26.55;90;101;7.65;205.1;116;9.23;7.3;5;1.97;1;0
SC;112;415;408-5601;0;1;31;225.2;89;38.28;256.8;117;21.83;249.7;87;11.24;11.5;1;3.11;4;0
GA;117;415;328-5188;1;0;0;287.4;118;48.86;259.6;84;22.07;153.2;86;6.89;10;3;2.7;1;1
KS;137;415;329-4474;0;1;19;175.3;96;29.8;241.3;146;20.51;211.4;109;9.51;7.8;2;2.11;0;0
PA;136;408;357-4573;0;0;0;102.1;75;17.36;219.5;97;18.66;73.7;92;3.32;9.8;5;2.65;0;0
UT;95;415;341-7112;0;0;0;157.9;103;26.84;259.6;90;22.07;230;117;10.35;14;2;3.78;0;0
OR;82;415;400-3147;0;1;19;146.5;73;24.91;246.4;65;20.94;199;114;8.96;4.1;4;1.11;1;0
ND;145;415;378-1936;0;0;0;245.8;116;41.79;286.7;91;24.37;240.7;115;10.83;9;13;2.43;1;1
KY;56;415;347-1640;1;0;0;177.7;114;30.21;215.6;110;18.33;236.7;67;10.65;10.5;5;2.84;1;0
MN;155;408;374-9531;1;0;0;250.8;146;42.64;152.5;105;12.96;148.1;104;6.66;10;5;2.7;2;0
OH;133;408;380-4374;0;0;0;117.8;100;20.03;199.2;105;16.93;244.1;119;10.98;11.8;4;3.19;0;1
TX;53;415;380-9409;0;0;0;119.7;113;20.35;189.7;84;16.12;256.2;108;11.53;12.9;7;3.48;2;0
WY;123;415;387-1116;0;0;0;242.2;87;41.17;226.1;101;19.22;268.6;121;12.09;8.2;3;2.21;5;1
GA;136;415;400-7509;0;0;0;163.4;83;27.78;249.3;119;21.19;249.7;90;11.24;9.8;4;2.65;7;0
TX;57;415;403-6225;0;0;0;161;113;27.37;208;134;17.68;208.1;81;9.36;8.4;4;2.27;3;0
WV;62;408;382-8274;0;0;0;128.7;111;21.88;169.5;104;14.41;193.6;97;8.71;10.3;5;2.78;1;0
NM;112;415;354-5764;0;0;0;81.6;94;13.87;268.1;112;22.79;140.8;75;6.34;8.6;18;2.32;1;0
MI;55;415;387-6912;0;1;20;207.7;91;35.31;199.7;113;16.97;216.5;110;9.74;7.3;1;1.97;1;0
NC;95;408;384-3413;0;0;0;128.6;115;21.86;216.2;88;18.38;255.3;96;11.49;6.3;2;1.7;6;1
NY;125;415;367-3950;0;0;0;233.3;65;39.66;209.8;93;17.83;210.6;109;9.48;9.1;4;2.46;1;0
TX;1;415;396-4254;0;0;0;182.1;106;30.96;134.9;106;11.47;152.3;75;6.85;10;3;2.7;5;1
KY;98;415;333-3010;0;1;36;168;81;28.56;163.2;125;13.87;172.7;120;7.77;8;2;2.16;6;1
SD;105;415;393-1891;0;0;0;251.6;88;42.77;175.1;103;14.88;184.4;112;8.3;5.4;5;1.46;1;0
ID;113;415;336-9053;0;1;30;183.8;102;31.25;183.4;123;15.59;235;52;10.58;11.6;7;3.13;0;0
OR;99;408;353-3372;0;0;0;256.4;44;43.59;214.5;105;18.23;233.7;75;10.52;7.9;1;2.13;3;1
WI;103;415;386-8943;0;0;0;180.2;134;30.63;97.7;85;8.3;181.7;134;8.18;8.4;3;2.27;1;0
WV;177;408;376-9716;0;0;0;227.8;81;38.73;161.8;97;13.75;217;106;9.76;8;5;2.16;1;0
SC;149;415;370-8676;0;1;20;147.8;132;25.13;276.8;94;23.53;149.9;110;6.75;10.2;6;2.75;0;0
CT;160;415;360-2329;0;0;0;234.9;136;39.93;270.8;134;23.02;219.3;101;9.87;13.9;2;3.75;1;1
NV;116;408;360-1320;0;0;0;110.9;54;18.85;213.4;82;18.14;186.2;116;8.38;7.9;2;2.13;2;0
ND;90;415;329-8638;0;1;22;124.5;94;21.17;231.7;90;19.69;222.2;108;10;6.4;12;1.73;1;0
MI;148;415;385-1118;1;0;0;233.5;81;39.7;187.7;71;15.95;122.3;97;5.5;9.6;2;2.59;0;1
MT;147;415;408-8269;0;1;35;197.3;134;33.54;141.1;99;11.99;212.1;90;9.54;10.1;4;2.73;2;1
NE;95;510;391-2334;0;0;0;58.2;96;9.89;202.1;126;17.18;210.5;97;9.47;10.4;5;2.81;0;0
UT;201;510;373-8900;0;0;0;212.7;72;36.16;225.2;90;19.14;195.1;99;8.78;7;6;1.89;1;0
WV;80;415;382-3512;0;0;0;151.5;89;25.76;131.7;78;11.19;235.3;131;10.59;11.8;4;3.19;0;0
AR;122;415;420-4089;1;0;0;146.3;117;24.87;218.7;93;18.59;236;97;10.62;11.5;5;3.11;1;0
MT;132;408;406-8465;0;0;0;195.1;100;33.17;148.8;95;12.65;224.5;117;10.1;6.7;2;1.81;0;0
UT;83;510;386-6114;0;0;0;208.9;71;35.51;214.8;92;18.26;247.9;108;11.16;13;5;3.51;1;0
HI;99;408;413-9328;0;0;0;135.7;107;23.07;208.4;103;17.71;209;95;9.4;8.8;3;2.38;7;1
KS;84;415;335-7144;0;0;0;225.9;86;38.4;275.6;105;23.43;201.4;108;9.06;14.3;3;3.86;3;1
NY;46;415;414-5177;0;0;0;122.2;67;20.77;167.2;62;14.21;194.8;98;8.77;9.7;6;2.62;1;0
OH;87;510;350-5993;0;0;0;153.3;106;26.06;224.5;117;19.08;273.4;152;12.3;8.9;5;2.4;2;0
HI;150;415;370-1465;0;0;0;214;117;36.38;192.4;89;16.35;242.6;99;10.92;7.9;4;2.13;1;0
KS;73;408;385-2370;0;0;0;194.8;112;33.12;167.2;85;14.21;100.3;61;4.51;10.8;6;2.92;1;0
IN;7;415;358-9146;0;0;0;206.7;87;35.14;281.1;83;23.89;158.5;77;7.13;11;5;2.97;3;0
OR;89;415;357-8515;0;1;12;188;105;31.96;151.3;107;12.86;201.9;132;9.09;10.5;3;2.84;2;0
NY;131;408;406-8995;1;0;0;122.3;83;20.79;118.8;94;10.1;147.9;95;6.66;13.7;3;3.7;3;1
VA;105;415;344-3145;0;0;0;259.3;96;44.08;175.2;97;14.89;222.4;36;10.01;12;5;3.24;3;0
MI;108;408;341-9890;1;0;0;115.1;114;19.57;211.3;70;17.96;136.1;85;6.12;13.8;3;3.73;2;1
ID;47;415;365-4387;0;1;28;172.9;109;29.39;137.6;94;11.7;203.8;109;9.17;8.3;6;2.24;1;0
MO;101;415;375-3341;1;0;0;156.4;116;26.59;130.4;114;11.08;207.3;109;9.33;7.3;5;1.97;1;0
AL;182;415;418-3096;0;1;24;128.1;104;21.78;143.4;127;12.19;191;98;8.59;11.6;3;3.13;1;0
OR;161;408;378-3879;0;0;0;196.6;73;33.42;170.2;79;14.47;194.3;79;8.74;12.5;3;3.38;1;0
VT;128;408;344-1362;0;0;0;227.9;130;38.74;302.6;71;25.72;191.5;82;8.62;5.5;7;1.49;1;1
AZ;69;415;419-3937;0;1;31;194.9;63;33.13;191.6;90;16.29;153;129;6.89;13.2;2;3.56;2;0
VA;113;408;348-4961;0;1;34;44.9;63;7.63;134.2;82;11.41;168.4;118;7.58;13.3;3;3.59;1;0
PA;87;408;329-1410;0;1;30;262.8;114;44.68;215.8;130;18.34;154.8;88;6.97;7.8;2;2.11;0;0
CO;71;415;332-9896;0;0;0;211.2;70;35.9;252.7;122;21.48;225.8;104;10.16;12.3;3;3.32;0;0
KY;76;415;407-8575;0;0;0;204;69;34.68;225.1;110;19.13;240.3;85;10.81;9.6;5;2.59;1;0
NJ;87;510;387-2799;0;0;0;223.2;109;37.94;127.5;86;10.84;289.3;83;13.02;14.5;4;3.92;3;0
IL;117;408;373-9108;0;0;0;119;82;20.23;187.5;108;15.94;189.3;97;8.52;11.5;3;3.11;1;0
WA;177;415;345-3947;0;0;0;266.1;91;45.24;225.2;79;19.14;224.7;58;10.11;8.9;8;2.4;3;1
WV;95;415;356-7511;0;0;0;134.4;104;22.85;152.4;95;12.95;236.5;80;10.64;9.4;3;2.54;1;0
RI;76;415;343-4516;0;0;0;171.1;78;29.09;257.2;83;21.86;91.6;92;4.12;16.2;3;4.37;1;0
OH;66;415;408-6305;0;0;0;170.5;103;28.99;254.3;77;21.62;197.3;138;8.88;10.5;2;2.84;2;0
MO;110;415;338-7305;0;0;0;178.5;124;30.35;146.9;141;12.49;217.1;102;9.77;9.9;7;2.67;1;0
MD;204;510;401-3077;0;0;0;205.2;145;34.88;154.8;95;13.16;191.4;77;8.61;14.1;5;3.81;3;0
OH;32;415;401-6977;0;1;31;232.8;97;39.58;183.5;111;15.6;206.8;111;9.31;13;2;3.51;0;0
VA;133;408;385-1464;0;1;39;239.9;107;40.78;253.8;77;21.57;128.7;85;5.79;6.7;3;1.81;5;0
FL;185;408;417-5034;0;0;0;55.6;97;9.45;288.7;83;24.54;111.2;110;5;12.1;3;3.27;2;0
CO;103;415;420-7066;0;1;37;153.5;78;26.1;241.9;108;20.56;244.7;110;11.01;10.6;3;2.86;1;0
NY;91;510;394-8256;0;0;0;109.8;100;18.67;189.6;104;16.12;206.7;85;9.3;11.1;3;3;1;0
WV;131;415;362-5044;0;0;0;196.1;89;33.34;185.5;87;15.77;250;132;11.25;5.2;6;1.4;2;0
LA;153;510;350-2075;0;0;0;166.8;127;28.36;143.5;121;12.2;210.7;130;9.48;11.8;4;3.19;0;0
MA;132;415;343-5372;0;1;25;113.2;96;19.24;269.9;107;22.94;229.1;87;10.31;7.1;7;1.92;2;0
UT;148;510;377-9520;0;0;0;203;92;34.51;150.9;125;12.83;245.5;131;11.05;14.6;9;3.94;1;0
AL;141;408;391-6773;0;0;0;242.8;90;41.28;234.1;80;19.9;211.5;104;9.52;6;3;1.62;5;0
ME;105;415;403-4442;0;0;0;156.5;102;26.61;140.2;134;11.92;227.4;111;10.23;12.2;2;3.29;2;0
TX;169;408;379-5885;0;0;0;266.7;105;45.34;158.2;88;13.45;287.7;111;12.95;13.8;3;3.73;3;1
ND;127;415;399-1021;0;1;23;182;80;30.94;216.1;85;18.37;156.9;82;7.06;9.8;4;2.65;1;0
CO;57;415;342-4004;0;0;0;85.9;92;14.6;193.9;127;16.48;231.5;93;10.42;10.1;2;2.73;0;0
LA;123;415;382-7659;0;1;33;146.6;87;24.92;114.8;59;9.76;220.4;99;9.92;2.9;7;0.78;0;0
MT;103;510;342-1004;0;1;35;110.5;101;18.79;208.3;81;17.71;87.4;77;3.93;13.9;2;3.75;4;1
OR;101;415;398-5851;0;0;0;118.6;89;20.16;199.6;97;16.97;53.3;61;2.4;11.5;5;3.11;1;0
NH;123;415;396-4869;0;1;22;197.6;105;33.59;80;86;6.8;120.8;82;5.44;15.6;12;4.21;2;0
NE;78;510;422-8333;0;1;32;210.3;116;35.75;192.2;83;16.34;246.1;92;11.07;10.8;4;2.92;6;0
WV;101;415;367-9127;0;1;28;220.3;96;37.45;285.8;72;24.29;203;111;9.14;9.4;6;2.54;4;0
NV;129;415;420-3028;0;0;0;150;98;25.5;232.4;101;19.75;261.2;123;11.75;12.5;6;3.38;1;0
MA;67;415;357-6348;0;1;34;161.7;114;27.49;207.6;115;17.65;205.7;114;9.26;9.2;4;2.48;0;0
MI;37;415;386-1131;0;0;0;191.4;116;32.54;167.4;99;14.23;216.5;112;9.74;14;5;3.78;3;0
KY;64;415;349-8391;1;0;0;146.7;83;24.94;148.3;91;12.61;238.6;69;10.74;12.5;3;3.38;3;0
WV;173;510;421-1484;0;0;0;109.4;103;18.6;101.3;111;8.61;167.3;106;7.53;7.8;7;2.11;1;0
KY;135;510;414-2663;0;0;0;144.1;115;24.5;249.8;68;21.23;211.4;82;9.51;13.6;3;3.67;1;0
NJ;75;415;327-6989;0;1;42;248.9;93;42.31;170.8;108;14.52;104.5;91;4.7;11.2;8;3.02;1;0
ME;88;415;405-5513;0;0;0;85.7;112;14.57;221.6;70;18.84;190.6;75;8.58;11.6;3;3.13;4;1
TX;112;415;345-9168;0;0;0;214.8;112;36.52;209.7;104;17.82;164.4;97;7.4;9.4;5;2.54;3;0
MN;113;408;417-5146;0;0;0;158.9;137;27.01;242.8;109;20.64;247.8;97;11.15;6.5;4;1.76;0;0
VA;121;510;339-2792;0;1;28;110;94;18.7;141.5;76;12.03;237.3;87;10.68;6.4;3;1.73;2;0
DC;70;415;345-8397;0;0;0;152.8;145;25.98;183.6;102;15.61;151.8;75;6.83;10.5;2;2.84;1;0
MD;90;415;344-6404;0;0;0;145.6;103;24.75;197.1;137;16.75;294.5;83;13.25;10.5;4;2.84;0;0
RI;39;408;417-9455;0;0;0;93.3;83;15.86;199.6;114;16.97;206.2;104;9.28;6.5;4;1.76;0;0
MA;142;408;343-1009;0;0;0;216.8;134;36.86;187.8;106;15.96;138.1;108;6.21;8.3;2;2.24;0;0
MD;176;408;365-3493;0;0;0;201.9;101;34.32;154.7;78;13.15;164.4;79;7.4;9;2;2.43;1;0
NM;105;408;376-7043;0;0;0;146.4;81;24.89;225.1;80;19.13;230.1;117;10.35;8.5;2;2.3;1;0
MN;57;415;348-5728;0;0;0;272.7;74;46.36;224.9;85;19.12;178.2;104;8.02;10.5;3;2.84;2;1
MI;110;510;357-5784;0;0;0;18.9;92;3.21;258.4;81;21.96;109.6;74;4.93;14.8;4;4;1;0
AZ;88;415;417-9844;0;0;0;172.8;81;29.38;193.4;90;16.44;89.6;107;4.03;12.8;5;3.46;2;0
AL;95;408;333-7225;0;0;0;190.2;119;32.33;157.1;70;13.35;181.5;120;8.17;14;6;3.78;0;0
MI;147;415;382-4943;0;0;0;130.6;83;22.2;208.1;144;17.69;204.6;72;9.21;15.6;3;4.21;3;0
SC;101;415;345-4589;0;0;0;158.4;92;26.93;188;117;15.98;219.7;125;9.89;13.5;4;3.65;4;1
MS;115;415;404-6337;0;0;0;166.5;111;28.31;236.2;98;20.08;205.6;92;9.25;15.6;2;4.21;1;0
MS;103;415;412-1470;0;0;0;129.3;103;21.98;202.8;89;17.24;233;126;10.49;12.9;2;3.48;2;0
CA;82;415;394-9220;0;0;0;199.3;112;33.88;193.4;120;16.44;254.4;117;11.45;7;10;1.89;0;0
MD;141;415;364-5362;0;0;0;185.1;126;31.47;233;98;19.81;152.2;106;6.85;9.1;7;2.46;0;0
ND;149;408;372-9852;0;0;0;175.4;80;29.82;197.4;127;16.78;188.2;102;8.47;9.7;2;2.62;2;0
IL;131;510;394-9984;0;0;0;263.4;123;44.78;151.9;74;12.91;218.5;101;9.83;10.7;2;2.89;2;0
SD;119;510;402-1668;0;0;0;94.2;108;16.01;264.1;100;22.45;203.7;79;9.17;7.3;3;1.97;1;0
AL;112;510;339-5659;0;0;0;189.4;83;32.2;219;89;18.62;168;116;7.56;7.1;8;1.92;3;0
NV;116;510;341-7279;0;1;35;118;103;20.06;167.2;106;14.21;205.7;102;9.26;11.8;2;3.19;2;0
LA;94;415;371-3236;0;0;0;212.1;98;36.06;189.4;89;16.1;352.2;95;15.85;8.4;5;2.27;3;0
VA;90;408;343-5679;0;0;0;222;93;37.74;187;103;15.9;282.3;124;12.7;12.4;6;3.35;2;0
DE;114;415;347-4626;0;1;31;222.8;98;37.88;180.5;105;15.34;151.3;101;6.81;13;4;3.51;0;0
CT;63;408;344-8498;0;1;25;190;137;32.3;116.6;76;9.91;141.5;110;6.37;12.2;2;3.29;1;0
CO;130;408;349-3005;0;0;0;271.8;129;46.21;237.2;128;20.16;210.1;91;9.45;8.7;2;2.35;4;1
MA;122;408;371-3498;0;1;29;195.4;83;33.22;268.2;93;22.8;168;95;7.56;8.4;6;2.27;3;0
OR;166;510;367-4853;0;0;0;199.6;93;33.93;214.3;99;18.22;196.8;110;8.86;7.2;5;1.94;3;0
WA;62;415;422-3454;0;0;0;100;98;17;173.5;95;14.75;218;122;9.81;10.1;4;2.73;0;0
SC;78;415;403-8915;0;1;21;160.6;85;27.3;223.1;79;18.96;124;92;5.58;9.5;1;2.57;2;0
IN;148;415;371-2418;0;1;26;158.7;91;26.98;160.5;127;13.64;218.3;88;9.82;9.9;3;2.67;1;0
MD;154;510;411-2977;0;0;0;154.5;122;26.27;214.2;71;18.21;178;105;8.01;12;2;3.24;3;1
NV;110;408;389-8163;0;1;34;192.3;114;32.69;129.3;114;10.99;136.3;102;6.13;6.3;12;1.7;1;0
TX;75;415;417-4456;0;0;0;305.1;106;51.87;188;115;15.98;235.4;116;10.59;8.5;5;2.3;0;1
ND;84;408;351-1894;0;1;38;193;106;32.81;153.6;106;13.06;260.4;87;11.72;7.4;5;2;2;0
WV;113;510;386-6408;0;0;0;72.5;88;12.33;204;112;17.34;117.9;118;5.31;6.6;3;1.78;1;0
CO;181;510;370-9592;0;1;40;105.2;61;17.88;341.3;79;29.01;165.7;97;7.46;6.3;3;1.7;2;0
TX;51;415;397-9251;0;0;0;180.5;88;30.69;134.7;102;11.45;170.7;97;7.68;10;3;2.7;2;0
FL;102;408;395-6913;0;1;29;214.7;86;36.5;314.3;109;26.72;280.2;110;12.61;14.3;2;3.86;0;0
AL;107;408;332-3804;0;0;0;86.8;95;14.76;108.1;85;9.19;204.3;87;9.19;13.2;3;3.56;1;0
WV;88;510;421-1326;0;0;0;131.5;99;22.36;174.8;128;14.86;184.2;83;8.29;7.9;2;2.13;5;1
MI;82;415;415-8200;0;0;0;135.4;102;23.02;237.1;122;20.15;118.3;91;5.32;17.5;4;4.73;0;0
NY;204;415;371-9414;0;0;0;174.3;85;29.63;254.1;95;21.6;176.4;96;7.94;5.9;3;1.59;6;0
MS;130;510;347-3895;0;0;0;203.9;63;34.66;191.8;93;16.3;132.5;125;5.96;12.1;4;3.27;3;0
MO;174;510;342-5854;0;0;0;235.5;108;40.04;142.3;143;12.1;316.7;131;14.25;12.5;5;3.38;0;0
AR;129;415;379-7192;0;0;0;157;113;26.69;256.9;97;21.84;185.5;126;8.35;12.1;2;3.27;2;0
MS;190;415;394-5753;1;0;0;111.9;55;19.02;223;124;18.96;243.2;81;10.94;10;7;2.7;3;0
NY;54;510;390-6932;1;0;0;236.3;91;40.17;152.8;130;12.99;160.3;98;7.21;11.2;8;3.02;3;0
SD;78;408;394-3171;0;0;0;163.6;88;27.81;283.4;93;24.09;262.1;108;11.79;8.6;9;2.32;0;0
AK;100;415;394-5202;0;1;29;213.6;127;36.31;175.9;82;14.95;207.2;100;9.32;8.9;3;2.4;1;0
WV;70;510;348-3777;0;1;30;143.4;72;24.38;170;92;14.45;127.9;68;5.76;9.4;4;2.54;3;0
SC;111;510;407-3949;0;0;0;78.3;119;13.31;198.2;94;16.85;248.5;94;11.18;12.1;4;3.27;1;0
VA;117;408;363-4779;0;0;0;97.1;98;16.51;228;131;19.38;240;111;10.8;10.6;3;2.86;1;0
MS;68;415;340-2239;0;0;0;94.1;93;16;147.6;80;12.55;213.5;85;9.61;10.1;2;2.73;0;0
SD;27;510;359-3423;0;0;0;226.3;95;38.47;274.3;109;23.32;242.7;119;10.92;8.2;3;2.21;2;1
MN;91;415;382-9297;0;0;0;133.8;61;22.75;158.8;96;13.5;189.6;92;8.53;10.5;2;2.84;1;0
AL;181;415;330-9294;0;1;27;190.3;93;32.35;249;127;21.17;215.7;82;9.71;10.6;4;2.86;1;0
CO;118;415;362-8763;0;1;36;294.9;106;50.13;165.7;115;14.08;189.2;63;8.51;9.8;5;2.65;3;0
ME;112;415;403-4816;0;0;0;185.4;114;31.52;191.4;119;16.27;144;78;6.48;10;11;2.7;2;0
GA;93;415;371-2155;0;0;0;179.5;121;30.52;191.9;131;16.31;165.5;125;7.45;12;4;3.24;0;0
AZ;102;408;334-1339;0;0;0;158;94;26.86;207.9;100;17.67;190.4;120;8.57;10.1;10;2.73;0;0
MA;93;415;341-7412;0;0;0;173;131;29.41;190.4;108;16.18;290;66;13.05;10.4;2;2.81;0;0
AZ;107;415;375-4770;0;1;32;134.2;101;22.81;211.9;145;18.01;167.6;138;7.54;8.2;5;2.21;1;0
IN;100;415;406-7643;0;1;32;125.2;123;21.28;230.9;101;19.63;192;106;8.64;12.6;9;3.4;3;0
DE;115;415;415-8164;0;0;0;195.9;111;33.3;227;108;19.3;313.2;113;14.09;13.2;1;3.56;2;0
WI;63;510;354-3545;0;1;13;214.2;61;36.41;181.2;88;15.4;174;68;7.83;10.3;2;2.78;0;0
ME;57;415;377-3139;0;0;0;221.1;101;37.59;236.7;65;20.12;252.3;137;11.35;9.5;1;2.57;0;0
DC;119;408;418-7478;0;1;26;132;100;22.44;173.3;121;14.73;203.5;108;9.16;11.6;5;3.13;1;0
GA;73;408;385-6952;0;0;0;157.6;92;26.79;198.3;87;16.86;364.9;106;16.42;9.1;4;2.46;1;0
HI;98;408;381-8593;0;1;30;110.3;71;18.75;182.4;108;15.5;183.8;88;8.27;11;8;2.97;2;0
VA;139;415;365-9371;1;0;0;161.5;121;27.46;192.9;137;16.4;168.3;96;7.57;11.2;13;3.02;0;0
NY;31;408;401-7335;0;1;28;171.8;116;29.21;240.7;125;20.46;245.5;80;11.05;10.6;7;2.86;1;0
PA;129;510;364-5126;0;1;32;211;99;35.87;155.1;89;13.18;234.8;96;10.57;11.4;5;3.08;1;0
AR;115;415;385-7157;0;0;0;139.3;89;23.68;192.3;95;16.35;151;75;6.8;9.3;3;2.51;7;1
HI;108;415;385-4766;0;0;0;291.6;99;49.57;221.1;93;18.79;229.2;110;10.31;14;9;3.78;2;1
DE;139;408;390-1760;0;0;0;139;110;23.63;132.9;93;11.3;272;120;12.24;12.1;1;3.27;0;0
WV;102;408;365-8831;0;0;0;234.8;125;39.92;199.2;99;16.93;163.2;88;7.34;10;1;2.7;4;0
OK;149;408;353-4002;0;0;0;187.6;83;31.89;201.4;81;17.12;264.2;79;11.89;8.8;1;2.38;1;0
OR;113;415;367-5923;0;0;0;159.8;143;27.17;210.1;93;17.86;175.1;86;7.88;13.1;7;3.54;2;0
ND;131;408;393-9548;0;1;33;177.1;100;30.11;194;85;16.49;253.4;124;11.4;5.2;5;1.4;1;0
MO;83;408;362-2356;0;0;0;117.9;101;20.04;160.4;92;13.63;235.3;150;10.59;11.4;10;3.08;0;0
AR;96;415;365-2341;0;1;21;247.6;95;42.09;256.3;150;21.79;158.6;72;7.14;10.8;6;2.92;2;0
GA;98;408;388-8797;0;0;0;169.9;77;28.88;138.3;155;11.76;142.6;105;6.42;8.5;7;2.3;1;0
TN;3;415;400-4713;0;0;0;185;120;31.45;203.7;129;17.31;170.5;89;7.67;14.1;3;3.81;3;0
MA;77;408;420-3042;0;1;17;204.9;84;34.83;201;102;17.09;219.7;97;9.89;11.3;5;3.05;0;0
ND;75;408;396-4171;0;1;24;225.5;119;38.34;182;108;15.47;270.9;106;12.19;9.4;2;2.54;3;0
IA;40;510;389-8417;0;0;0;169.7;115;28.85;141.4;123;12.02;253;115;11.39;10.5;3;2.84;4;1
NJ;108;415;339-4068;0;0;0;239.3;102;40.68;223.4;127;18.99;251.4;104;11.31;10.6;6;2.86;0;0
MT;100;415;341-4873;0;0;0;113.3;96;19.26;197.9;89;16.82;284.5;93;12.8;11.7;2;3.16;4;1
AL;16;415;336-2322;0;0;0;161.9;100;27.52;230.1;138;19.56;148.8;78;6.7;10.2;11;2.75;3;0
NY;115;510;402-1607;0;1;16;133.3;110;22.66;185.7;111;15.78;161.5;113;7.27;5.6;4;1.51;2;0
PA;108;510;379-3037;0;1;25;170.7;88;29.02;109.9;113;9.34;165.7;99;7.46;8.7;1;2.35;3;0
VT;107;510;382-1399;0;0;0;189.7;76;32.25;156.1;65;13.27;244;91;10.98;8.3;3;2.24;5;0
NC;161;415;394-5489;0;0;0;322.3;100;54.79;230.4;135;19.58;241.5;104;10.87;7.8;5;2.11;2;1
CT;147;415;387-6065;0;0;0;124.4;74;21.15;320.9;78;27.28;157.2;126;7.07;10.4;4;2.81;2;0
MO;107;415;327-6087;0;0;0;146.9;94;24.97;114.3;111;9.72;114.5;97;5.15;11.4;5;3.08;3;0
WV;120;510;341-8667;0;0;0;192.6;123;32.74;206.4;105;17.54;283.2;93;12.74;10.8;3;2.92;1;0
NJ;107;408;338-9612;0;1;36;96.3;83;16.37;179.6;91;15.27;166.3;121;7.48;10.3;2;2.78;1;0
AK;58;510;364-1134;0;0;0;131.9;96;22.42;167.6;107;14.25;205.9;106;9.27;14.7;5;3.97;3;0
LA;91;408;413-4811;0;0;0;147.2;121;25.02;175.2;87;14.89;136.3;80;6.13;13.3;3;3.59;2;0
AL;13;415;354-4333;0;0;0;143.1;139;24.33;239.6;88;20.37;221.7;123;9.98;7.1;5;1.92;2;0
IN;104;408;382-2026;0;0;0;280.4;127;47.67;179.4;79;15.25;150.6;77;6.78;15.2;6;4.1;5;0
MA;93;415;368-3287;0;1;31;237.2;85;40.32;213.1;100;18.11;192.7;87;8.67;10.7;4;2.89;1;0
DE;95;510;367-8298;0;0;0;184.2;95;31.31;181.6;101;15.44;143.4;113;6.45;12.8;4;3.46;2;0
SC;104;415;391-1783;0;0;0;109.1;141;18.55;187.1;140;15.9;216.6;100;9.75;10;4;2.7;3;0
NH;35;408;393-8762;0;0;0;138.1;115;23.48;158.2;82;13.45;215.7;118;9.71;10.3;2;2.78;5;1
LA;62;415;385-1423;0;0;0;186.8;94;31.76;207.6;92;17.65;195;98;8.78;8.8;4;2.38;3;0
MS;143;510;406-7670;0;0;0;155.4;112;26.42;290.9;92;24.73;228.4;91;10.28;13.9;5;3.75;1;0
NM;62;415;339-5423;0;0;0;245.3;91;41.7;122.9;130;10.45;228.4;102;10.28;8.5;4;2.3;4;0
WA;60;415;366-8939;1;0;0;205.9;97;35;277.4;117;23.58;202;139;9.09;11;2;2.97;0;1
SC;41;510;353-2391;0;0;0;207.2;138;35.22;214.1;83;18.2;193;105;8.69;11.9;4;3.21;1;0
MT;34;415;372-4203;0;1;14;151.5;100;25.76;248.7;126;21.14;199.8;120;8.99;10.7;5;2.89;2;0
ME;56;408;385-5688;0;0;0;221.9;112;37.72;278.2;122;23.65;288.1;85;12.96;7.1;5;1.92;0;1
NM;183;415;397-7453;0;0;0;190;100;32.3;246.6;78;20.96;304.2;107;13.69;9.5;4;2.57;1;0
AZ;94;415;366-9015;0;0;0;220.8;111;37.54;156.2;67;13.28;187.9;89;8.46;10.5;4;2.84;2;0
CT;73;415;356-1654;0;1;47;173.7;117;29.53;204;114;17.34;174.6;94;7.86;6.3;3;1.7;2;0
IL;123;408;337-3932;0;0;0;114.8;94;19.52;150;104;12.75;268.6;119;12.09;9.6;4;2.59;2;0
IN;64;408;350-1126;0;0;0;113.8;97;19.35;192.3;97;16.35;214.9;89;9.67;10.4;1;2.81;3;0
AR;127;415;416-3649;1;0;0;143.2;60;24.34;179.5;159;15.26;171.8;122;7.73;6.2;4;1.67;4;1
RI;33;415;349-1726;0;0;0;184.4;111;31.35;203.8;110;17.32;237.4;100;10.68;9.3;5;2.51;3;0
ND;27;415;405-1589;0;0;0;227.4;67;38.66;248;115;21.08;61.4;109;2.76;7.8;6;2.11;1;0
NH;123;408;366-7560;0;0;0;224;99;38.08;210.7;80;17.91;231.9;75;10.44;2.1;5;0.57;0;0
NV;148;510;333-9643;0;0;0;216.2;95;36.75;185.7;105;15.78;300;143;13.5;10;5;2.7;2;0
UT;81;415;355-6422;0;0;0;129.9;121;22.08;230.1;105;19.56;140.5;123;6.32;13.3;3;3.59;0;0
NC;122;510;329-5400;0;1;30;230.1;108;39.12;287.6;76;24.45;177.1;85;7.97;6.9;3;1.86;2;0
MI;52;415;383-6356;0;0;0;204.4;97;34.75;273.2;128;23.22;179.6;118;8.08;11;5;2.97;1;0
WI;91;408;377-7276;0;1;44;216.6;101;36.82;173.1;98;14.71;242.1;95;10.89;9.1;3;2.46;1;0
AR;54;415;337-1586;0;0;0;247.5;85;42.08;225.4;93;19.16;244.3;132;10.99;10.2;2;2.75;2;1
NH;152;510;336-9273;0;0;0;228.1;93;38.78;136.4;106;11.59;197.3;107;8.88;9;2;2.43;1;0
TX;201;415;415-5476;0;0;0;225.9;110;38.4;299.1;86;25.42;251.3;81;11.31;11.2;4;3.02;1;1
ID;78;415;332-2650;0;0;0;103.5;115;17.6;117.9;102;10.02;201;94;9.05;12;3;3.24;4;1
CT;67;415;418-8257;0;0;0;115.5;70;19.64;252.2;143;21.44;208.9;91;9.4;7.5;6;2.03;0;0
NH;100;408;407-3121;0;0;0;218.8;125;37.2;148.3;102;12.61;277.8;97;12.5;9.7;6;2.62;1;0
WY;41;510;381-2413;0;0;0;223.8;67;38.05;244.8;74;20.81;223.8;156;10.07;12.3;5;3.32;3;0
OR;133;415;378-1144;0;0;0;143.8;71;24.45;184;131;15.64;275.5;132;12.4;12.9;4;3.48;3;0
SC;36;408;359-5091;0;1;43;29.9;123;5.08;129.1;117;10.97;325.9;105;14.67;8.6;6;2.32;2;0
MD;51;510;378-6986;0;1;28;276.7;121;47.04;203.7;99;17.31;246.2;88;11.08;8.3;3;2.24;0;0
NY;122;415;386-6580;0;0;0;141.4;128;24.04;146.4;70;12.44;123;75;5.54;8.1;4;2.19;0;0
NM;84;408;419-9713;0;1;41;153.9;102;26.16;140.7;117;11.96;217.7;101;9.8;12.8;5;3.46;1;0
LA;91;415;382-6153;0;0;0;190.5;128;32.39;205.5;103;17.47;130.7;63;5.88;13.8;5;3.73;0;0
UT;110;408;332-1690;0;0;0;192.6;102;32.74;178.9;118;15.21;214.6;74;9.66;9.4;4;2.54;1;0
AL;91;408;348-9383;1;0;0;151.8;115;25.81;103.6;116;8.81;156.3;86;7.03;12.2;4;3.29;1;0
DE;121;408;420-3857;0;0;0;215.6;74;36.65;192.9;98;16.4;144;103;6.48;10.1;4;2.73;5;0
WV;109;415;405-2653;0;0;0;180;100;30.6;229;103;19.47;139.4;105;6.27;7.8;8;2.11;3;0
KY;95;510;417-9278;0;0;0;157.3;116;26.74;197.5;77;16.79;128.2;111;5.77;8.4;4;2.27;2;0
NC;72;415;352-5663;0;0;0;196.5;88;33.41;158.6;129;13.48;269.3;118;12.12;6.8;3;1.84;0;0
WV;73;415;370-8786;0;0;0;240.3;130;40.85;162.5;83;13.81;231.9;136;10.44;11.9;3;3.21;0;0
AZ;108;415;415-6333;0;0;0;193.3;126;32.86;154.7;85;13.15;174.8;98;7.87;9.4;6;2.54;3;0
WV;58;408;391-6558;0;1;39;211.9;40;36.02;274.4;76;23.32;210.5;139;9.47;5.4;4;1.46;1;0
ND;148;415;396-4234;1;0;0;218.7;111;37.18;155.6;133;13.23;277.4;62;12.48;8.2;5;2.21;1;0
WA;76;510;345-6961;1;0;0;246.8;110;41.96;206.3;63;17.54;208.4;123;9.38;13.2;5;3.56;0;1
ID;103;415;346-5992;0;0;0;174.7;151;29.7;148;56;12.58;168.2;109;7.57;15.8;3;4.27;6;1
CT;87;415;402-3908;0;0;0;240;83;40.8;134.1;106;11.4;189.1;84;8.51;9.3;2;2.51;0;1
OK;35;510;350-2340;0;1;37;181.2;76;30.8;177.6;98;15.1;228;136;10.26;5;3;1.35;2;0
IA;88;415;410-2015;0;0;0;113.7;67;19.33;165.1;127;14.03;141.5;142;6.37;10.8;3;2.92;1;0
NE;67;415;380-3311;0;1;41;174.7;86;29.7;160.6;93;13.65;155.3;108;6.99;13.4;1;3.62;0;0
ID;77;510;399-7029;0;1;29;211.1;89;35.89;223.5;97;19;148.4;106;6.68;9.7;9;2.62;2;0
OR;124;510;337-3868;0;0;0;169.3;108;28.78;178.6;91;15.18;242.3;82;10.9;12.2;3;3.29;1;0
SD;30;415;354-8088;0;0;0;247.4;107;42.06;175.9;76;14.95;287.4;90;12.93;11.3;2;3.05;0;0
DE;53;415;416-9723;0;1;32;131.2;63;22.3;227.4;125;19.33;178.9;105;8.05;12.8;2;3.46;2;0
WA;152;510;337-4403;0;0;0;161.4;84;27.44;163.6;88;13.91;153.2;121;6.89;11.8;5;3.19;1;0
CT;100;510;416-1536;1;0;0;107.2;98;18.22;86.8;122;7.38;156.2;117;7.03;9.7;4;2.62;1;0
MN;59;408;386-3796;0;1;32;211.9;120;36.02;202.9;136;17.25;213.5;95;9.61;8.8;5;2.38;1;0
WA;143;510;340-4989;0;0;0;160.4;120;27.27;285.9;104;24.3;182.5;85;8.21;6.9;4;1.86;3;0
PA;142;510;340-6221;0;1;40;230.7;101;39.22;256.8;88;21.83;263.9;92;11.88;6.4;3;1.73;1;0
ID;105;408;363-3469;0;0;0;232.6;96;39.54;253.4;117;21.54;154;101;6.93;10.5;9;2.84;1;0
MS;111;408;345-3787;0;0;0;294.7;90;50.1;294.6;72;25.04;260.1;121;11.7;10.8;3;2.92;1;1
WA;143;510;362-3107;0;0;0;133.4;107;22.68;223.9;117;19.03;180.4;85;8.12;10.2;13;2.75;1;0
DC;93;408;345-1994;0;1;22;306.2;123;52.05;189.7;83;16.12;240.3;107;10.81;11.7;2;3.16;0;0
KY;79;415;377-5417;0;0;0;236.8;135;40.26;186.4;87;15.84;126.9;112;5.71;10.4;5;2.81;2;0
OH;68;415;369-8574;1;1;24;125.7;92;21.37;275.9;98;23.45;214.5;108;9.65;14.2;6;3.83;3;1
TN;93;510;344-6847;1;0;0;168.4;114;28.63;276;127;23.46;196.2;48;8.83;11.4;3;3.08;1;0
ID;103;415;391-7528;0;0;0;70.9;134;12.05;134.5;112;11.43;168.8;164;7.6;12;6;3.24;2;0
WV;144;510;393-6053;0;1;38;105;86;17.85;121.8;123;10.35;221.5;122;9.97;3.7;4;1;0;0
WI;93;415;392-6286;0;0;0;152.1;141;25.86;215.5;107;18.32;262.4;111;11.81;12;7;3.24;1;0
OK;149;510;365-9079;1;0;0;180.9;79;30.75;194.9;83;16.57;197.8;109;8.9;8.8;9;2.38;3;0
WV;23;510;399-3089;0;1;31;156.6;84;26.62;161.5;96;13.73;294.6;107;13.26;9.4;6;2.54;1;0
SD;221;510;365-2192;0;1;24;180.5;85;30.69;224.1;92;19.05;205.7;103;9.26;2.4;3;0.65;0;0
KS;164;510;394-3051;0;1;30;238.8;100;40.6;230;121;19.55;206.3;66;9.28;13.2;8;3.56;1;0
NC;104;415;357-2429;0;1;18;182.1;66;30.96;213.6;65;18.16;193;108;8.69;13.4;9;3.62;2;0
NY;150;415;421-6268;0;1;35;139.6;72;23.73;332.8;170;28.29;213.8;105;9.62;8.8;2;2.38;2;0
WI;184;408;401-5915;0;1;12;200.3;76;34.05;253.6;105;21.56;149.3;93;6.72;10.2;5;2.75;0;0
SC;88;408;348-6057;0;0;0;153.5;94;26.1;251.7;118;21.39;182.2;99;8.2;8.5;6;2.3;1;0
UT;61;415;349-3843;1;1;29;128.2;119;21.79;171.7;83;14.59;250.9;114;11.29;11.7;6;3.16;3;0
NC;110;408;396-5561;0;0;0;159.5;145;27.12;202.3;101;17.2;256;96;11.52;16.7;2;4.51;2;0
IN;115;415;370-9622;0;0;0;226.4;101;38.49;276.8;60;23.53;213.4;82;9.6;12.3;4;3.32;3;1
AR;33;408;371-9602;0;0;0;251.9;81;42.82;194.6;96;16.54;211.2;87;9.5;8.4;3;2.27;2;0
ME;100;510;351-2815;0;0;0;264.5;117;44.97;194;111;16.49;262.7;111;11.82;7.5;4;2.03;2;1
NY;209;415;369-8703;0;0;0;153.7;105;26.13;188.6;87;16.03;200.8;95;9.04;10.7;2;2.89;0;0
OR;27;510;355-2840;0;0;0;232.1;81;39.46;210.8;101;17.92;165.4;87;7.44;15;6;4.05;5;0
IL;117;415;372-1115;0;0;0;201.9;86;34.32;212.3;96;18.05;176.9;98;7.96;7.8;10;2.11;1;0
MA;87;408;337-2986;0;0;0;186.9;79;31.77;182.6;105;15.52;143.1;90;6.44;4.2;14;1.13;1;0
CT;129;510;404-3238;0;1;27;196.6;89;33.42;180.6;95;15.35;245;83;11.03;6.6;5;1.78;1;0
WI;142;510;397-4968;0;0;0;232.1;102;39.46;168.2;110;14.3;197.3;120;8.88;9.9;3;2.67;1;0
OK;112;415;327-1058;0;0;0;166;79;28.22;74.6;100;6.34;247.9;74;11.16;6.3;7;1.7;0;0
DE;75;510;419-9509;0;1;28;200.6;96;34.1;164.1;111;13.95;169.6;153;7.63;2.5;5;0.68;1;0
AZ;97;408;349-7282;0;1;25;141;101;23.97;212;85;18.02;175.2;138;7.88;4.9;2;1.32;3;0
AK;121;408;382-5743;0;1;34;245;95;41.65;216.9;66;18.44;112.4;125;5.06;7.5;8;2.03;0;0
MI;142;415;358-2694;1;0;0;140.8;140;23.94;228.6;119;19.43;152.9;88;6.88;10.9;7;2.94;1;0
WA;121;510;378-1884;0;0;0;255.1;93;43.37;266.9;97;22.69;197.7;118;8.9;8.8;3;2.38;3;1
SD;87;415;330-1627;0;1;33;125;99;21.25;235.3;81;20;215.3;95;9.69;10.2;7;2.75;2;0
SD;34;408;392-5716;0;0;0;180.6;65;30.7;280.4;99;23.83;292.4;105;13.16;5;3;1.35;1;0
AK;177;415;384-6132;1;0;0;248.7;118;42.28;172.3;73;14.65;191.9;87;8.64;11.3;2;3.05;1;1
MA;58;415;359-2740;0;1;30;178.1;111;30.28;236.7;109;20.12;264;118;11.88;8.4;2;2.27;0;0
AR;113;415;338-6714;1;0;0;122.2;112;20.77;131.7;94;11.19;169.5;106;7.63;10.3;9;2.78;5;1
KS;101;415;347-9968;0;0;0;231.3;87;39.32;224.7;88;19.1;214.6;69;9.66;7.2;7;1.94;1;0
OR;89;415;343-3399;0;0;0;111.2;101;18.9;122.1;94;10.38;180.8;85;8.14;12.6;2;3.4;3;0
NC;77;408;334-6129;1;1;44;103.2;117;17.54;236.3;86;20.09;203.5;101;9.16;11.9;2;3.21;0;1
OK;146;510;377-4975;0;0;0;138.4;104;23.53;158.9;122;13.51;47.4;73;2.13;3.9;9;1.05;4;1
NJ;93;415;405-3533;0;0;0;146.3;85;24.87;216.6;95;18.41;233;82;10.49;11.5;3;3.11;0;0
OH;160;415;337-9326;0;0;0;206.3;66;35.07;241.1;109;20.49;227.8;102;10.25;11.7;6;3.16;0;0
NM;55;415;338-6556;0;0;0;132;103;22.44;279.6;114;23.77;180;74;8.1;13.5;4;3.65;0;0
OH;88;408;354-3040;0;0;0;274.6;105;46.68;161.1;121;13.69;194.4;123;8.75;9.2;4;2.48;2;0
MI;63;510;396-1278;0;0;0;185.3;87;31.5;225.3;87;19.15;194.3;93;8.74;11.7;3;3.16;0;0
KS;127;415;354-6810;0;1;24;154.8;69;26.32;177.2;105;15.06;207.6;102;9.34;9;4;2.43;1;0
IL;57;415;403-6237;0;1;30;179.2;105;30.46;283.2;83;24.07;228.1;77;10.26;14.7;5;3.97;1;0
RI;138;510;411-6823;1;0;0;286.2;61;48.65;187.2;60;15.91;146.2;114;6.58;11;4;2.97;2;1
AR;115;408;338-1400;0;0;0;268;115;45.56;153.6;106;13.06;232.3;65;10.45;17;1;4.59;3;0
NY;171;415;412-6245;0;0;0;137.5;110;23.38;198.1;109;16.84;292.7;131;13.17;13.3;5;3.59;2;0
WY;148;408;377-3417;0;0;0;243;115;41.31;191.8;91;16.3;117.8;93;5.3;13.4;5;3.62;2;0
NC;127;510;343-2597;0;0;0;134.9;79;22.93;221.5;114;18.83;113.8;118;5.12;15;2;4.05;1;0
OR;61;415;388-8282;0;0;0;234.2;76;39.81;216.7;108;18.42;130.6;122;5.88;13.9;2;3.75;1;0
VT;131;415;416-8394;0;0;0;175.1;73;29.77;171.9;116;14.61;131.1;94;5.9;7.3;6;1.97;1;0
SD;88;408;343-6643;0;0;0;142.2;107;24.17;262.4;84;22.3;139.2;99;6.26;10.1;5;2.73;1;0
DC;130;510;330-4364;0;0;0;132.4;81;22.51;200.3;110;17.03;202.5;103;9.11;6;1;1.62;2;0
RI;89;415;414-1537;0;1;24;97.8;98;16.63;207.2;67;17.61;214.5;126;9.65;5.9;2;1.59;0;0
ID;82;415;408-1913;0;0;0;266.9;83;45.37;229.7;74;19.52;251.7;99;11.33;11;6;2.97;3;1
OK;138;510;406-5532;0;1;33;155.2;139;26.38;268.3;79;22.81;186.4;71;8.39;9.7;4;2.62;3;0
MN;115;415;417-7722;0;0;0;200.2;92;34.03;244.9;107;20.82;190.9;96;8.59;8.8;3;2.38;1;0
WA;84;415;367-5226;0;0;0;289.1;100;49.15;233.8;97;19.87;223.5;148;10.06;12.7;2;3.43;2;1
WV;117;510;344-5766;1;0;0;198.4;121;33.73;249.5;104;21.21;162.8;115;7.33;10.5;5;2.84;1;0
NH;60;415;405-1370;0;0;0;180.3;67;30.65;208;68;17.68;181.2;101;8.15;12.8;6;3.46;2;0
WI;62;415;368-9073;0;0;0;86.3;84;14.67;238.7;99;20.29;238.4;79;10.73;12.5;1;3.38;2;0
MD;133;510;373-7974;0;0;0;295;141;50.15;223.6;101;19.01;229.4;109;10.32;12.9;4;3.48;2;1
IN;131;408;371-4633;0;0;0;240.9;108;40.95;167.4;91;14.23;322.2;109;14.5;14.7;8;3.97;3;0
IN;65;408;336-4960;0;0;0;207.7;109;35.31;217.5;117;18.49;125.6;111;5.65;8;5;2.16;1;0
NY;120;510;405-5083;0;1;27;128.5;115;21.85;163.7;91;13.91;242.9;121;10.93;0;0;0;1;0
OR;142;510;392-1105;0;1;22;224.4;114;38.15;146;106;12.41;241.4;98;10.86;8.8;2;2.38;1;0
OK;134;415;378-2397;0;0;0;164.9;115;28.03;126.5;96;10.75;238.5;125;10.73;10;9;2.7;2;0
WI;87;415;331-4184;0;0;0;238;97;40.46;164.5;97;13.98;282.5;132;12.71;10.6;6;2.86;2;0
NJ;139;415;376-2408;0;1;43;231;85;39.27;222.3;82;18.9;148;105;6.66;8.3;5;2.24;2;0
AR;76;408;345-3614;0;0;0;107.3;140;18.24;238.2;133;20.25;271.8;116;12.23;10;3;2.7;4;1
UT;100;408;370-9296;0;0;0;185;122;31.45;182.5;92;15.51;274.9;92;12.37;5.1;8;1.38;1;0
DC;99;415;402-5076;0;1;31;244.1;71;41.5;203.4;58;17.29;234;115;10.53;7.7;4;2.08;3;0
AK;99;510;401-7334;0;0;0;238.4;96;40.53;246.5;130;20.95;198.4;117;8.93;12.4;4;3.35;3;0
AZ;48;415;409-3428;0;1;27;141.1;109;23.99;224.7;94;19.1;174.3;122;7.84;13.2;2;3.56;1;0
KS;57;415;362-2067;0;0;0;158.1;117;26.88;115.2;149;9.79;182.4;92;8.21;11.8;7;3.19;0;0
OH;106;415;352-2270;0;1;30;220.1;105;37.42;222.2;109;18.89;158.4;96;7.13;13.1;8;3.54;0;0
KS;170;415;404-5840;0;1;42;199.5;119;33.92;135;90;11.48;184.6;49;8.31;10.9;3;2.94;4;1
SC;78;415;360-3126;0;0;0;109.5;105;18.62;286.1;90;24.32;247.6;113;11.14;4.9;9;1.32;1;0
TN;39;408;364-8731;0;0;0;187.2;110;31.82;114.7;116;9.75;104.7;83;4.71;13.2;5;3.56;1;0
CA;127;510;388-4331;0;0;0;107.9;128;18.34;187;77;15.9;218.5;95;9.83;0;0;0;0;0
MI;119;510;335-7324;1;1;22;172.1;119;29.26;223.6;133;19.01;150;94;6.75;13.9;20;3.75;1;1
IN;114;408;362-8886;0;0;0;203.8;85;34.65;87.8;110;7.46;166.2;122;7.48;11.7;4;3.16;1;0
RI;95;408;410-4882;0;0;0;160;133;27.2;215.3;98;18.3;188.9;87;8.5;9.1;4;2.46;0;0
MO;116;408;371-1139;0;0;0;51.1;106;8.69;208.6;137;17.73;198;92;8.91;12.3;3;3.32;1;0
TN;110;415;391-5516;0;0;0;227.7;88;38.71;170;96;14.45;128.7;57;5.79;11.7;5;3.16;1;0
CT;74;510;380-3186;0;0;0;203.8;77;34.65;205.1;111;17.43;154.9;109;6.97;9;2;2.43;1;0
ME;148;408;347-9995;0;1;33;241.7;84;41.09;165.8;84;14.09;160.6;80;7.23;11.3;3;3.05;1;0
MD;83;510;340-9013;0;0;0;78.1;70;13.28;239.3;115;20.34;144.4;112;6.5;12.3;4;3.32;1;0
NC;73;408;362-8378;0;0;0;187.8;95;31.93;149.2;143;12.68;201.4;113;9.06;11;4;2.97;2;0
SC;111;415;418-8969;0;1;21;127.1;94;21.61;228.3;116;19.41;166.7;108;7.5;7.1;3;1.92;1;0
CA;84;415;417-1488;0;0;0;280;113;47.6;202.2;90;17.19;156.8;103;7.06;10.4;4;2.81;0;1
LA;75;510;358-9898;1;0;0;153.2;78;26.04;210.8;99;17.92;153.5;100;6.91;7.8;3;2.11;1;0
WI;114;415;373-7308;0;1;26;137.1;88;23.31;155.7;125;13.23;247.6;94;11.14;11.5;7;3.11;2;0
IL;71;510;330-7137;1;0;0;186.1;114;31.64;198.6;140;16.88;206.5;80;9.29;13.8;5;3.73;4;1
IN;58;415;406-8445;0;1;22;224.1;127;38.1;238.8;85;20.3;174.2;86;7.84;11.5;7;3.11;2;0
AL;106;408;404-5283;0;1;29;83.6;131;14.21;203.9;131;17.33;229.5;73;10.33;8.1;3;2.19;1;0
OK;172;408;398-3632;0;0;0;203.9;109;34.66;234;123;19.89;160.7;65;7.23;17.8;4;4.81;4;0
IA;45;415;399-5763;0;0;0;211.3;87;35.92;165.7;97;14.08;265.9;72;11.97;13.3;6;3.59;1;0
VT;100;408;340-9449;1;0;0;219.4;112;37.3;225.7;102;19.18;255.3;95;11.49;12;4;3.24;4;0
NY;94;415;363-1123;0;0;0;190.4;91;32.37;92;107;7.82;224.8;108;10.12;13.6;17;3.67;2;0
LA;128;415;361-2170;0;0;0;147.7;94;25.11;283.3;83;24.08;188.3;124;8.47;6.9;5;1.86;2;0
SC;181;408;406-6304;0;0;0;229.9;130;39.08;144.4;93;12.27;262.4;110;11.81;14.2;4;3.83;2;0
ID;127;408;392-5090;0;0;0;102.8;128;17.48;143.7;95;12.21;191.4;97;8.61;10;5;2.7;1;0
MO;89;415;373-7713;0;0;0;178.7;81;30.38;233.7;74;19.86;131.9;120;5.94;9.1;4;2.46;1;0
ME;149;415;392-1376;0;1;18;148.5;106;25.25;114.5;106;9.73;178.3;98;8.02;6.5;4;1.76;0;0
MS;103;510;390-6388;0;1;29;164.1;111;27.9;219.1;96;18.62;220.3;108;9.91;12.3;9;3.32;0;0
SD;163;415;379-7290;1;0;0;197.2;90;33.52;188.5;113;16.02;211.1;94;9.5;7.8;8;2.11;1;0
OK;52;415;397-9928;0;0;0;124.9;131;21.23;300.5;118;25.54;192.5;106;8.66;11.6;4;3.13;2;0
WY;89;415;378-6924;0;0;0;115.4;99;19.62;209.9;115;17.84;280.9;112;12.64;15.9;6;4.29;3;0
GA;122;510;411-5677;1;0;0;140;101;23.8;196.4;77;16.69;120.1;133;5.4;9.7;4;2.62;4;1
VT;60;415;400-2738;0;0;0;193.9;118;32.96;85;110;7.23;210.1;134;9.45;13.2;8;3.56;3;0
MD;62;408;409-1856;0;0;0;321.1;105;54.59;265.5;122;22.57;180.5;72;8.12;11.5;2;3.11;4;1
IN;117;415;362-5899;0;0;0;118.4;126;20.13;249.3;97;21.19;227;56;10.22;13.6;3;3.67;5;1
WV;159;415;377-1164;0;0;0;169.8;114;28.87;197.7;105;16.8;193.7;82;8.72;11.6;4;3.13;1;0
OH;78;408;368-8555;0;0;0;193.4;99;32.88;116.9;88;9.94;243.3;109;10.95;9.3;4;2.51;2;0
OH;96;415;347-6812;0;0;0;106.6;128;18.12;284.8;87;24.21;178.9;92;8.05;14.9;7;4.02;1;0
SC;79;415;348-3830;0;0;0;134.7;98;22.9;189.7;68;16.12;221.4;128;9.96;11.8;5;3.19;2;0
AZ;192;415;414-4276;0;1;36;156.2;77;26.55;215.5;126;18.32;279.1;83;12.56;9.9;6;2.67;2;0
WV;68;415;370-3271;0;0;0;231.1;57;39.29;153.4;55;13.04;191.3;123;8.61;9.6;4;2.59;3;0
RI;28;510;328-8230;0;0;0;180.8;109;30.74;288.8;58;24.55;191.9;91;8.64;14.1;6;3.81;2;0
CT;184;510;364-6381;1;0;0;213.8;105;36.35;159.6;84;13.57;139.2;137;6.26;5;10;1.35;2;0
TN;74;415;400-4344;0;1;25;234.4;113;39.85;265.9;82;22.6;241.4;77;10.86;13.7;4;3.7;0;0
